set style line 1 pt 1 ps 1
set style line 2 pt 7 ps 1.5
plot '-' with points palette,'-' with points ls 2
0.639729 1.86859 2
1.65398 0.789514 1
0.878811 0.229499 1
1.4929 0.709372 1
0.460219 1.1492 2
0.739647 0.012513 1
0.03235 0.150212 1
0.130497 0.653096 1
0.763207 1.52464 2
0.261666 1.70897 2
1.635 0.199652 1
0.010681 1.86657 2
1.10221 0.513993 1
1.66527 1.78533 0
1.05039 0.091372 1
1.19639 1.02786 1
1.99292 1.99988 0
1.11362 1.2443 0
1.4442 1.38304 0
0.339732 0.298044 1
0.405286 1.75195 2
0.542619 1.02036 2
1.90136 1.12449 0
1.36155 1.28159 0
0.505997 1.20011 2
1.96557 1.06577 0
0.793054 1.75677 2
1.38127 1.23747 0
1.65026 1.45836 0
1.02786 1.68664 0
0.394238 1.25999 2
1.89648 1.54033 0
1.62419 1.59777 0
1.81164 1.12857 0
0.75045 1.55205 2
1.21244 0.391064 1
1.13712 1.1702 0
0.890469 1.41313 2
0.79519 1.13718 2
0.122257 1.77801 2
1.56371 0.981536 0
0.634114 0.423109 1
0.717124 0.003967 1
0.836085 0.687704 1
1.93591 0.115482 1
1.76324 0.239082 1
1.57726 0.774316 1
1.16105 0.565996 1
1.18534 1.2067 0
1.15372 1.72503 0
0.17597 0.101444 1
1.93091 1.0289 0
1.63567 1.96411 0
0.892056 1.36406 2
1.17057 0.318613 1
1.6856 1.82354 0
1.74444 0.94467 0
0.579363 0.34492 1
0.441908 1.33738 2
0.601215 1.03897 2
0.095401 1.57683 2
0.88638 1.89752 2
1.71227 0.796106 1
1.66948 1.56737 0
0.640767 0.433546 1
0.358226 0.878811 2
0.411817 0.458449 1
1.12735 1.81469 0
1.1934 1.75622 0
1.46886 1.60912 0
0.796472 0.861721 1
0.136967 0.661885 1
1.1688 0.227668 1
1.92584 1.9577 0
0.314585 0.2154 1
1.71526 0.675619 1
0.577532 1.99609 2
1.2252 1.67876 0
1.22446 1.54943 0
0.913358 1.56926 2
0.267342 1.94787 2
0.455885 0.99765 2
1.46129 0.112735 1
0.246712 1.91394 2
1.41533 1.23161 0
1.35466 1.44652 0
0.754479 1.02188 1
0.374462 1.09915 2
0.269906 1.03122 2
0.610492 0.950224 1
1.99487 1.15909 0
0.029237 1.54436 2
0.143559 0.589496 1
1.4196 1.16257 0
1.85174 1.3209 0
1.197 1.15909 0
0.654439 1.48143 2
0.289926 1.05185 2
0.640278 0.616657 1
1.54625 0.054506 1
0.218818 0.137761 1
1.09586 0.737205 1
1.43858 1.11698 0
0.108341 1.50407 2
1.79345 0.618488 1
0.382824 1.57421 2
0.454726 0.751915 1
0.206793 1.15452 2
1.86718 1.63598 0
1.92236 0.490982 1
0.644307 0.45967 1
1.63695 0.48677 1
0.703818 1.82879 2
0.516129 0.574053 1
0.577288 1.58495 2
0.095828 0.527116 1
1.83404 1.28489 0
1.05142 1.90454 0
0.555376 1.52733 2
1.86175 1.80773 0
0.797327 1.31517 2
0.805017 0.643452 1
1.97913 1.63988 0
1.72399 0.577837 1
1.13456 0.47676 1
0.998566 0.368542 1
1.96509 1.37736 0
0.162542 1.26481 2
1.62999 0.846828 1
1.60283 1.65954 0
1.21323 0.694723 1
1.77776 1.18473 0
0.803369 0.545366 1
1.39262 1.93426 0
1.12388 0.695822 1
0.969939 1.50377 2
0.652303 0.509415 1
1.25138 1.53453 0
0.164922 0.531449 1
0.86935 0.448561 1
1.64452 1.51579 0
0.725791 0.062441 1
1.48924 0.54799 1
1.51543 0.767907 1
0.959624 1.455 2
1.83068 0.965972 0
1.80151 1.6859 0
1.28684 1.44285 0
1.98175 0.854396 0
0.103458 0.374706 1
1.34756 1.82558 0
1.3581 1.92966 0
1.30415 1.73039 0
1.2909 1.63727 0
1.39221 1.63954 0
1.2744 1.79272 0
1.34082 1.64384 0
1.29943 1.88045 0
1.22045 1.70168 0
1.32498 1.96672 0
1.25322 1.92704 0
1.3293 1.94271 0
1.29079 1.67211 0
1.21304 1.65591 0
1.25367 1.6419 0
1.29803 1.86735 0
1.32547 1.87827 0
1.26553 1.77201 0
1.39604 1.85119 0
1.27774 1.82008 0
1.34725 1.89442 0
1.32615 1.97643 0
1.27495 1.82319 0
1.35066 1.756 0
1.24115 1.9715 0
1.37323 1.77236 0
1.24995 1.68637 0
1.38956 1.937 0
1.2411 1.71671 0
1.26283 1.64706 0
1.39483 1.93414 0
1.36319 1.89876 0
1.34175 1.62329 0
1.39659 1.86405 0
1.37173 1.77941 0
1.36686 1.86811 0
1.2351 1.85012 0
1.31478 1.70518 0
1.23044 1.95945 0
1.3778 1.83006 0
1.37226 1.8514 0
1.21422 1.96296 0
1.3326 1.9904 0
1.33565 1.8451 0
1.35018 1.65644 0
1.39128 1.88265 0
1.20088 1.8721 0
1.34798 1.61633 0
1.22333 1.99927 0
1.20982 1.75447 0
1.29326 1.84271 0
1.22071 1.70667 0
1.34048 1.69833 0
1.39417 1.95586 0
1.30218 1.78338 0
1.31359 1.60604 0
1.30633 1.8862 0
1.24713 1.64352 0
1.37884 1.87299 0
1.32068 1.84858 0
1.26834 1.88922 0
1.39288 1.89575 0
1.28234 1.69282 0
1.37579 1.77973 0
1.32835 1.95724 0
1.245 1.70453 0
1.25394 1.78121 0
1.28299 1.77357 0
1.27934 1.64328 0
1.39941 1.61779 0
1.21629 1.63826 0
1.27207 1.8999 0
1.26715 1.83322 0
1.35236 1.83151 0
1.29762 1.78055 0
1.27895 0.24145 1
1.37721 0.025489 1
1.34336 0.331993 1
1.28095 0.245796 1
1.35124 0.06111 1
1.34621 0.060768 1
1.32319 0.28796 1
1.37836 0.347545 1
1.37866 0.219062 1
1.39891 0.301645 1
1.24687 0.292856 1
1.33015 0.079836 1
1.34848 0.039991 1
1.20973 0.2623 1
1.29159 0.256929 1
1.22911 0.37196 1
1.32605 0.23028 1
1.3896 0.088247 1
1.3997 0.149467 1
1.2697 0.193048 1
1.36024 0.245161 1
1.29758 0.085965 1
1.34669 0.390991 1
1.22229 0.106851 1
1.3139 0.105972 1
1.37765 0.302634 1
1.33415 0.295407 1
1.23237 0.276376 1
1.21934 0.267281 1
1.22036 0.155754 1
1.30773 0.162236 1
1.34476 0.118583 1
1.35881 0.334092 1
1.34961 0.112894 1
1.20013 0.218781 1
1.35285 0.009058 1
1.26992 0.229035 1
1.33435 0.221393 1
1.29903 0.012317 1
1.37283 0.236775 1
1.27618 0.209577 1
1.22528 0.287948 1
1.34011 0.252278 1
1.34283 0.008631 1
1.34243 0.13516 1
1.31656 0.108402 1
1.32497 0.302414 1
1.24724 0.104324 1
1.25529 0.384448 1
1.23259 0.147417 1
1.26414 0.123051 1
1.2659 0.380895 1
1.32867 0.022413 1
1.33968 0.268099 1
1.24502 0.263216 1
1.24825 0.127445 1
1.23419 0.217682 1
1.28276 0.111771 1
1.22485 0.302841 1
1.31264 0.069887 1
1.35674 0.109574 1
1.24712 0.327586 1
1.34872 0.144951 1
1.37051 0.025575 1
1.27482 0.325364 1
1.34514 0.252242 1
1.39246 0.157878 1
1.37559 0.208014 1
1.36612 0.147453 1
1.32798 0.039686 1
1.33069 0.1674 1
1.29815 0.1815 1
1.3379 0.330576 1
1.22231 0.040809 1
1.22974 0.098953 1
0.624195 1.86589 2
0.682553 1.96892 2
0.692068 1.8331 2
0.665633 1.86983 2
0.779736 1.79123 2
0.657991 1.81341 2
0.725083 1.70031 2
0.667061 1.73136 2
0.679916 1.80245 2
0.793164 1.63883 2
0.644893 1.76222 2
0.783343 1.86109 2
0.603308 1.81408 2
0.718491 1.66104 2
0.647414 1.95428 2
0.677377 1.60496 2
0.791113 1.8149 2
0.721372 1.60411 2
0.662673 1.65729 2
0.643654 1.96953 2
0.771355 1.92265 2
0.626612 1.81762 2
0.74152 1.77709 2
0.651192 1.76412 2
0.608124 1.68871 2
0.601941 1.6437 2
0.767333 1.67428 2
0.711521 1.79304 2
0.675808 1.85282 2
0.688418 1.83437 2
0.69277 1.74386 2
0.771624 1.89774 2
0.758257 1.74767 2
0.655959 1.81859 2
0.70148 1.64497 2
0.731944 1.64901 2
0.673055 1.95375 2
0.783776 1.81954 2
0.694784 1.78052 2
0.789337 1.88924 2
0.620728 1.80383 2
0.765844 1.82176 2
0.703446 1.62693 2
0.70502 1.92445 2
0.65895 1.73786 2
0.741392 1.78837 2
0.624348 1.71377 2
0.797589 1.96661 2
0.701755 1.70749 2
0.650337 1.92826 2
0.682253 1.65348 2
0.660921 1.62578 2
0.643776 1.63087 2
0.713791 1.8132 2
0.616474 1.82108 2
0.607208 1.65233 2
0.609461 1.89729 2
0.639509 1.94515 2
0.792639 1.88376 2
0.634889 1.72907 2
0.727293 1.92182 2
0.752355 1.77333 2
0.639369 1.78068 2
0.721622 1.91346 2
0.628974 1.95011 2
0.649763 1.76153 2
0.610028 1.95265 2
0.64225 1.72983 2
0.673696 1.71295 2
0.78225 1.90516 2
0.669436 1.62166 2
0.711808 1.71151 2
0.697336 1.93111 2
0.758824 1.89853 2
0.70557 1.92082 2
0.65342 0.193133 1
0.686654 0.269857 1
0.777508 0.152043 1
0.666292 0.273824 1
0.791339 0.152629 1
0.778552 0.143767 1
0.780755 0.059328 1
0.621088 0.024757 1
0.768865 0.103592 1
0.784265 0.371374 1
0.735966 0.314451 1
0.747758 0.117753 1
0.791357 0.237397 1
0.638581 0.079812 1
0.640925 0.079092 1
0.644136 0.026698 1
0.794159 0.215351 1
0.77409 0.059597 1
0.654299 0.199799 1
0.764843 0.334874 1
0.735588 0.210968 1
0.620344 0.169256 1
0.751067 0.075063 1
0.782958 0.164666 1
0.614924 0.002075 1
0.628144 0.38999 1
0.703018 0.172613 1
0.676772 0.257308 1
0.615339 0.113053 1
0.618708 0.330393 1
0.78421 0.196503 1
0.741502 0.102469 1
0.771892 0.206977 1
0.657906 0.381188 1
0.60144 0.104386 1
0.72598 0.318027 1
0.764489 0.327854 1
0.655489 0.119816 1
0.649721 0.374682 1
0.694418 0.279696 1
0.635853 0.192767 1
0.689291 0.365197 1
0.792737 0.323704 1
0.613086 0.200763 1
0.634492 0.134111 1
0.654457 0.082376 1
0.668307 0.072915 1
0.662062 0.061708 1
0.782678 0.091726 1
0.637672 0.137248 1
0.618879 0.166118 1
0.671926 0.190008 1
0.769396 0.255123 1
0.616346 0.30123 1
0.746983 0.036561 1
0.685495 0.289669 1
0.768322 0.155644 1
0.682882 0.305893 1
0.695694 0.124247 1
0.644533 0.121049 1
0.780798 0.208686 1
0.793841 0.147771 1
0.754112 0.043007 1
0.601471 0.2305 1
0.7038 0.105838 1
0.644191 0.042933 1
0.687814 0.397766 1
0.656142 0.329991 1
0.722904 0.057131 1
0.666555 0.031727 1
0.694363 0.251656 1
0.617469 0.126908 1
0.630238 0.083169 1
0.755351 0.03346 1
0.683718 0.243318 1
1.97552 1.75457 0
1.66871 1.69669 0
1.79022 1.93887 0
1.70939 1.69243 0
1.71662 1.68424 0
1.73453 1.99756 0
1.59883 1.78234 0
1.92676 1.65577 0
1.65839 1.91212 0
1.69721 1.63843 0
1.50243 1.55263 0
1.81156 1.9042 0
1.70719 1.67028 0
1.80198 1.60044 0
1.71097 1.97725 0
1.52472 1.82803 0
1.50111 1.80813 0
1.97259 1.64156 0
1.82926 1.91168 0
1.70158 1.70675 0
1.93933 1.70435 0
1.98128 1.78695 0
1.5425 1.78274 0
1.52808 1.98062 0
1.5238 1.74162 0
1.9311 1.88165 0
1.61432 1.5945 0
1.62944 1.58451 0
1.51372 1.84371 0
1.55097 1.7058 0
1.69732 1.9966 0
1.77131 1.84452 0
1.89212 1.57506 0
1.80296 1.65244 0
1.95611 1.91505 0
1.87346 1.93692 0
1.64531 1.80291 0
1.80232 1.96767 0
1.50288 1.74567 0
1.83593 1.90957 0
1.85467 1.9219 0
1.54981 1.55336 0
1.6455 1.60999 0
1.67772 1.766 0
1.60083 1.64118 0
1.97676 1.83256 0
1.94789 1.67348 0
1.98802 1.61182 0
1.68062 1.83406 0
1.80229 1.67699 0
1.60324 1.52647 0
1.68972 1.86378 0
1.63623 1.95003 0
1.70341 1.89747 0
1.61953 1.62757 0
1.61576 1.52115 0
1.59713 1.98944 0
1.79739 1.79656 0
1.8175 1.80943 0
1.8977 1.99983 0
1.93425 1.5406 0
1.93663 1.78379 0
1.64126 1.84715 0
1.66691 1.5287 0
1.72686 1.87942 0
1.81614 1.55345 0
1.78129 1.58913 0
1.56824 1.60877 0
1.54184 1.63138 0
1.89343 1.82481 0
1.61006 1.65046 0
1.58623 1.53445 0
1.52548 1.99635 0
1.62094 1.64477 0
1.93004 1.66874 0
1.68375 1.97777 0
1.80776 1.53551 0
1.99103 1.75323 0
1.53413 1.62242 0
1.75315 1.63463 0
1.71918 1.52107 0
1.89323 1.51071 0
1.579 1.71175 0
1.87997 1.934 0
1.82002 1.84837 0
1.78434 1.88868 0
1.77029 1.80203 0
1.9191 1.80926 0
1.74215 1.51039 0
1.67078 1.52219 0
1.86088 1.92953 0
1.88344 1.53221 0
1.84335 1.63504 0
1.9035 1.82522 0
1.96141 1.86984 0
1.64508 1.60964 0
1.67408 1.58461 0
1.78539 1.66826 0
1.66323 1.76875 0
1.94902 1.74218 0
1.75678 1.61791 0
1.99129 1.61876 0
1.97407 1.83557 0
1.73922 1.8459 0
1.67766 1.61496 0
1.80026 1.74367 0
1.56598 1.59897 0
1.7974 1.63619 0
1.99107 1.86402 0
1.64069 1.97473 0
1.83598 1.72547 0
1.69414 1.77439 0
1.93615 1.91121 0
1.94757 1.53626 0
1.77899 1.90013 0
1.5526 1.57662 0
1.96626 1.97264 0
1.83245 1.93538 0
1.67345 1.76997 0
1.62461 1.78535 0
1.59072 1.90904 0
1.5659 1.51462 0
1.57941 1.94993 0
1.67943 1.90336 0
1.52911 1.76281 0
1.87245 1.56737 0
1.64896 1.59105 0
1.7049 1.59021 0
1.67811 1.85766 0
1.53786 1.51544 0
1.74938 1.51151 0
1.92106 1.62131 0
1.89071 1.96075 0
1.82925 1.64937 0
1.8986 1.88983 0
1.60639 1.90927 0
1.56806 1.50723 0
1.72739 1.93115 0
1.51334 1.52081 0
1.73644 1.58795 0
1.56381 1.88745 0
1.97166 1.85939 0
1.96959 1.63396 0
1.93504 1.65903 0
1.90083 1.79643 0
1.91746 1.89721 0
1.97566 1.77418 0
1.73788 1.70083 0
1.80053 1.64608 0
1.70614 1.96236 0
1.75777 0.245277 1
1.66883 0.139866 1
1.52464 0.039811 1
1.74744 0.479904 1
1.55806 0.115741 1
1.62847 0.084918 1
1.52962 0.309595 1
1.51439 0.49762 1
1.94517 0.287164 1
1.59536 0.223395 1
1.9333 0.115543 1
1.6507 0.363567 1
1.93721 0.125034 1
1.63965 0.280358 1
1.79421 0.108112 1
1.89076 0.466445 1
1.93739 0.152135 1
1.74929 0.040025 1
1.70351 0.152654 1
1.79199 0.038224 1
1.98205 0.304407 1
1.96867 0.429762 1
1.68911 0.11652 1
1.77981 0.019501 1
1.80117 0.249275 1
1.84982 0.166478 1
1.9326 0.218711 1
1.50504 0.487121 1
1.69149 0.266564 1
1.71609 0.465773 1
1.79842 0.441939 1
1.51381 0.144414 1
1.70194 0.191809 1
1.73827 0.313242 1
1.6758 0.007248 1
1.73003 0.374081 1
1.63181 0.422117 1
1.82331 0.298608 1
1.63297 0.411176 1
1.75022 0.353191 1
1.84121 0.484542 1
1.81549 0.012085 1
1.88395 0.025254 1
1.95106 0.231132 1
1.87416 0.166936 1
1.51004 0.003494 1
1.56789 0.258263 1
1.90919 0.369732 1
1.89412 0.211356 1
1.97942 0.303613 1
1.84083 0.280725 1
1.6337 0.145985 1
1.93207 0.069811 1
1.71183 0.00824 1
1.78004 0.312021 1
1.61106 0.317377 1
1.94697 0.222785 1
1.56253 0.424665 1
1.60074 0.470092 1
1.66246 0.449507 1
1.69894 0.059893 1
1.51749 0.280648 1
1.68552 0.183447 1
1.61387 0.4064 1
1.93467 0.323435 1
1.76946 0.495895 1
1.92601 0.165807 1
1.7783 0.403195 1
1.88559 0.114124 1
1.60674 0.016053 1
1.87724 0.453261 1
1.75085 0.121433 1
1.57829 0.459517 1
1.61431 0.209235 1
1.72443 0.003784 1
1.51608 0.386746 1
1.95772 0.444838 1
1.68754 0.324915 1
1.56232 0.359447 1
1.86796 0.409085 1
1.82252 0.406354 1
1.8583 0.015442 1
1.98688 0.370907 1
1.64219 0.085482 1
1.57334 0.187201 1
1.93371 0.420103 1
1.99966 0.484664 1
1.7613 0.365322 1
1.77317 0.45584 1
1.94723 0.311518 1
1.72463 0.092532 1
1.59188 0.177953 1
1.52045 0.086764 1
1.92239 0.304636 1
1.93742 0.443846 1
1.61469 0.423078 1
1.63468 0.104007 1
1.94894 0.128254 1
1.9071 0.119999 1
1.90692 0.023316 1
1.65436 0.186911 1
1.5715 0.458998 1
1.55049 0.071612 1
1.93718 0.039644 1
1.64765 0.238487 1
1.99086 0.317774 1
1.89908 0.218131 1
1.67293 0.348933 1
1.83531 0.016343 1
1.57738 0.028764 1
1.87809 0.109867 1
1.50043 0.384289 1
1.52629 0.325983 1
1.69747 0.240944 1
1.89847 0.152715 1
1.95711 0.437773 1
1.86587 0.276681 1
1.85208 0.012024 1
1.76109 0.395184 1
1.77642 0.02562 1
1.89599 0.099811 1
1.62787 0.454955 1
1.87361 0.378033 1
1.74545 0.316019 1
1.92851 0.029817 1
1.96101 0.446913 1
1.7797 0.046373 1
1.87469 0.119251 1
1.73067 0.247429 1
1.71319 0.400769 1
1.50089 0.224311 1
1.88052 0.440519 1
1.52312 0.385586 1
1.56041 0.099078 1
1.69086 0.151997 1
1.98007 0.095126 1
1.79049 0.097812 1
1.69413 0.090609 1
1.60221 0.085284 1
1.99875 0.386258 1
1.90443 0.189093 1
1.83486 0.149251 1
1.86578 0.457823 1
1.79005 0.345149 1
1.55918 0.309137 1
1.55846 0.295557 1
1.58243 0.10564 1
1.96806 0.033876 1
1.51956 0.208335 1
1.93472 0.380688 1
0.227393 1.55434 2
0.45233 1.91061 2
0.181631 1.55609 2
0.478545 1.73292 2
0.366985 1.86859 2
0.325297 1.75724 2
0.44557 1.82167 2
0.413663 1.86665 2
0.187948 1.56429 2
0.002258 1.66974 2
0.401364 1.71754 2
0.248772 1.75382 2
0.339259 1.58322 2
0.213752 1.61081 2
0.326792 1.70527 2
0.166219 1.65798 2
0.086398 1.83012 2
0.300455 1.52518 2
0.498016 1.56387 2
0.223167 1.53069 2
0.278176 1.77224 2
0.320673 1.51726 2
0.31254 1.52068 2
0.365246 1.97056 2
0.12598 1.60151 2
0.470199 1.59146 2
0.22486 1.94467 2
0.25277 1.7447 2
0.295648 1.9592 2
0.314737 1.95491 2
0.494461 1.60231 2
0.39938 1.87277 2
0.311686 1.72288 2
0.33491 1.88258 2
0.246315 1.97603 2
0.123218 1.77334 2
0.274117 1.85618 2
0.283578 1.64519 2
0.344081 1.6449 2
0.310602 1.97305 2
0.387753 1.82083 2
0.355815 1.99937 2
0.075442 1.7282 2
0.492218 1.87791 2
0.30401 1.55126 2
0.17127 1.7403 2
0.150349 1.89108 2
0.231712 1.6074 2
0.275201 1.99174 2
0.069216 1.81713 2
0.011414 1.91302 2
0.327006 1.89094 2
0.121296 1.69597 2
0.215857 1.51053 2
0.457076 1.81874 2
0.323817 1.52683 2
0.009278 1.98921 2
0.024232 1.67307 2
0.077044 1.57143 2
0.341945 1.90381 2
0.044908 1.69283 2
0.386776 1.53186 2
0.000427 1.82873 2
0.213858 1.58492 2
0.177007 1.91153 2
0.220084 1.55382 2
0.456267 1.76098 2
0.435957 1.95416 2
0.414319 1.88281 2
0.322459 1.87342 2
0.146504 1.93219 2
0.432112 1.92527 2
0.354701 1.88923 2
0.043718 1.78291 2
0.431669 1.74329 2
0.129994 1.7134 2
0.026994 1.73289 2
0.267739 1.78501 2
0.328761 1.93812 2
0.349635 1.669 2
0.045335 1.77259 2
0.207282 1.70826 2
0.32194 1.67162 2
0.004624 1.67429 2
0.075915 1.52348 2
0.011444 1.88461 2
0.485519 1.64087 2
0.115833 1.6023 2
0.11626 1.81912 2
0.185614 1.88975 2
0.419462 1.77833 2
0.137486 1.83831 2
0.087069 1.53606 2
0.323817 1.84582 2
0.497513 1.50768 2
0.095935 1.86389 2
0.236488 1.88102 2
0.153737 1.78666 2
0.427671 1.56232 2
0.040742 1.90327 2
0.356944 1.74047 2
0.394055 1.58547 2
0.125324 1.8661 2
0.308466 1.6325 2
0.314356 1.59273 2
0.424406 1.94517 2
0.398709 1.9767 2
0.098682 1.95077 2
0.390042 1.9826 2
0.267785 1.951 2
0.446974 1.59151 2
0.362789 1.81446 2
0.434935 1.55843 2
0.38551 1.68587 2
0.170782 1.61605 2
0.005112 1.63366 2
0.336375 1.67179 2
0.2846 1.90803 2
0.295312 1.79472 2
0.396588 1.7311 2
0.29751 1.53951 2
0.437712 1.7913 2
0.305795 1.90419 2
0.200949 1.86364 2
0.428968 1.96838 2
0.015519 1.72785 2
0.195593 1.50931 2
0.013352 1.80628 2
0.153203 1.64211 2
0.431776 1.69338 2
0.026734 1.78143 2
0.311655 1.99864 2
0.421323 1.97116 2
0.200537 1.6749 2
0.302973 1.87927 2
0.219932 1.75393 2
0.242332 1.50458 2
0.106235 1.66095 2
0.155278 1.89224 2
0.08478 1.53041 2
0.024979 1.90489 2
0.186056 1.69431 2
0.339961 1.8464 2
0.363933 1.76548 2
0.232017 1.98498 2
0.024812 1.98729 2
0.04915 1.77268 2
0.327448 1.772 2
0.347011 1.80786 2
0.362468 1.59935 2
0.033921 0.33787 1
0.071337 0.197424 1
0.153615 0.348643 1
0.013901 0.177541 1
0.039781 0.037889 1
0.343822 0.045213 1
0.327418 0.21926 1
0.101535 0.25898 1
0.054689 0.453719 1
0.18392 0.258827 1
0.34022 0.455565 1
0.100085 0.136296 1
0.369716 0.069658 1
0.372677 0.368191 1
0.176778 0.366848 1
0.194052 0.285287 1
0.451933 0.154302 1
0.196783 0.198706 1
0.364223 0.448027 1
0.447661 0.355098 1
0.1301 0.203818 1
0.024812 0.142781 1
0.313669 0.354259 1
0.287225 0.22103 1
0.092654 0.447859 1
0.195853 0.493728 1
0.474731 0.438002 1
0.296106 0.099796 1
0.198263 0.417859 1
0.220649 0.342235 1
0.302149 0.348674 1
0.322169 0.227165 1
0.098834 0.077944 1
0.295373 0.035463 1
0.035142 0.194708 1
0.397626 0.098254 1
0.17513 0.018311 1
0.127644 0.198477 1
0.289285 0.268227 1
0.471511 0.270287 1
0.284768 0.21102 1
0.075381 0.318171 1
0.460646 0.332087 1
0.454573 0.227729 1
0.322779 0.328379 1
0.097827 0.389828 1
0.442686 0.469543 1
0.076754 0.31016 1
0.094638 0.123844 1
0.019288 0.126041 1
0.155568 0.496307 1
0.057024 0.202353 1
0.001877 0.375317 1
0.105319 0.228309 1
0.387936 0.435194 1
0.085894 0.487197 1
0.040056 0.391049 1
0.451323 0.220862 1
0.45114 0.053209 1
0.120273 0.26072 1
0.109317 0.07796 1
0.183767 0.34727 1
0.146123 0.461241 1
0.49089 0.309992 1
0.137486 0.072588 1
0.473952 0.029389 1
0.042726 0.275994 1
0.32226 0.353282 1
0.015534 0.434339 1
0.363948 0.388867 1
0.071383 0.344752 1
0.265069 0.342814 1
0.345744 0.401349 1
0.40553 0.331034 1
0.427549 0.032426 1
0.041124 0.329966 1
0.002136 0.20896 1
0.111164 0.191504 1
0.288339 0.071215 1
0.300775 0.393078 1
0.003586 0.470489 1
0.21775 0.445112 1
0.342006 0.47264 1
0.292779 0.127567 1
0.199347 0.120548 1
0.262795 0.477401 1
0.129582 0.002167 1
0.346767 0.198843 1
0.267113 0.421049 1
0.473083 0.418592 1
0.199301 0.216391 1
0.168203 0.45735 1
0.023545 0.029359 1
0.465819 0.040056 1
0.073275 0.062548 1
0.445769 0.116382 1
0.047334 0.129398 1
0.262337 0.213401 1
0.026902 0.040712 1
0.271203 0.492416 1
0.114719 0.124775 1
0.114246 0.431791 1
0.180563 0.428327 1
0.371899 0.307611 1
0.447615 0.394818 1
0.142125 0.394055 1
0.404019 0.067354 1
0.155675 0.055315 1
0.274026 0.112781 1
0.286676 0.151143 1
0.033082 0.213904 1
0.06827 0.427595 1
0.201209 0.12685 1
0.072405 0.315088 1
0.399091 0.450301 1
0.263268 0.305551 1
0.401196 0.403439 1
0.183782 0.3305 1
0.170492 0.159703 1
0.08446 0.312052 1
0.108783 0.032975 1
0.353954 0.308573 1
0.00734 0.063234 1
0.36082 0.426984 1
0.432157 0.298441 1
0.065813 0.423536 1
0.027955 0.319605 1
0.013916 0.164922 1
0.47586 0.305994 1
0.065813 0.371639 1
0.08829 0.187124 1
0.477859 0.315424 1
0.276406 0.178549 1
0.190054 0.392682 1
0.373669 0.248451 1
0.431623 0.24575 1
0.05031 0.311533 1
0.002945 0.353938 1
0.30314 0.197592 1
0.344081 0.266076 1
0.254631 0.191183 1
0.248405 0.39668 1
0.246269 0.189566 1
0.3314 0.057268 1
0.45999 0.275582 1
0.113544 0.145146 1
0.0524 0.252525 1
0.32693 0.161061 1
0.036134 0.437819 1
0.304819 0.478057 1
1.14248 1.01229 1
0.813616 0.782868 1
0.900029 1.222 2
1.18667 1.11251 0
1.16334 1.22954 0
1.119 0.906941 1
0.826327 0.911519 1
0.98278 1.0006 1
0.954489 0.899373 1
1.02255 0.974128 1
1.07049 1.16 0
0.789674 0.788301 1
0.827441 0.913457 1
1.17561 1.12216 0
0.804277 1.18452 2
0.902913 0.836962 1
0.907506 1.0346 1
1.08389 1.23827 0
1.11384 0.771607 1
1.20578 1.05735 0
1.03802 1.18387 0
1.15226 0.824557 1
1.06019 1.09556 1
1.12037 1.05602 1
0.99723 0.790193 1
1.04231 0.925649 1
1.05236 1.09925 1
0.871433 0.84447 1
1.02757 1.20254 0
0.842135 1.11895 2
1.03288 0.937567 1
1.06239 1.11045 0
1.1774 1.1644 0
1.04891 1.06736 1
0.975806 0.983177 1
1.06404 1.05207 1
0.955359 0.850986 1
0.863651 1.13453 2
1.19731 0.895009 1
1.21576 0.774216 1
0.797197 0.968863 1
0.798753 1.06259 2
0.978721 1.24901 2
0.839175 1.24759 2
0.844974 0.917974 1
1.09788 1.2124 0
1.00207 1.23152 0
1.06434 0.830096 1
1.03893 1.01629 1
0.968345 0.866214 1
1.09811 0.895177 1
0.96836 0.85097 1
1.02172 0.786943 1
1.12611 1.09307 0
0.806887 0.977256 1
1.02661 0.757126 1
0.855289 0.807802 1
1.15312 1.17631 0
0.750809 0.780503 1
0.876362 0.822237 1
1.05012 1.12361 0
1.16731 1.104 0
0.820132 1.11654 2
0.89304 0.918157 1
0.907033 1.22053 2
0.804964 1.12156 2
1.17108 0.811663 1
1.07881 0.848926 1
1.17152 1.06338 0
1.01566 0.847034 1
1.03629 0.775254 1
0.763733 1.24731 2
1.00045 1.19508 0
1.16972 0.948828 1
0.847995 1.13066 2
1.11959 1.03364 1
1.24148 0.8989 1
0.97805 0.885945 1
1.17349 0.908437 1
0.985862 0.93749 1
1.02477 0.922994 1
1.22467 1.21069 0
0.963111 0.802339 1
1.00851 1.08149 1
1.16734 0.767548 1
0.81151 0.933905 1
1.11096 0.987648 1
1.09112 1.12793 0
0.88979 1.03437 1
1.11601 0.952795 1
0.827776 1.00196 1
1.1586 0.987632 1
0.845676 0.838946 1
1.16084 1.04103 1
0.826617 1.18863 2
1.23331 1.09159 0
0.963279 0.785188 1
1.09645 0.901524 1
0.820788 1.20256 2
0.823748 1.22479 2
1.09988 1.0024 1
0.995949 0.78177 1
0.83449 1.07865 2
1.12577 0.922781 1
1.00855 1.24499 0
0.962577 1.15144 2
0.825777 0.862552 1
1.0362 0.93067 1
1.1175 1.05448 1
1.04952 0.942618 1
1.12222 0.80414 1
0.97898 1.22458 2
1.12187 0.98423 1
0.99247 0.85268 1
1.16881 1.11325 0
1.04395 1.09559 1
0.887944 0.886448 1
0.754395 1.2094 2
1.0886 0.778108 1
0.937933 0.796312 1
1.17007 0.761872 1
0.883106 0.89864 1
1.05575 0.946219 1
1.2484 1.24985 0
1.13983 1.17183 0
1.18112 0.854801 1
0.98104 0.867664 1
1.01968 0.821169 1
1.22795 1.21286 0
1.18799 1.11334 0
1.00994 0.900975 1
1.14166 1.1513 0
0.77852 1.05384 2
0.975394 0.926061 1
0.833117 1.08152 2
1.05088 1.05358 1
1.01583 1.03559 1
0.754456 0.93894 1
0.809542 0.752335 1
1.24426 0.972846 1
0.823656 0.832949 1
0.795701 0.932226 1
0.901997 0.757492 1
1.10525 1.00677 1
0.837054 1.17947 2
1.16142 1.1233 0
0.925146 1.19798 2
1.04251 0.989937 1
0.846652 1.15437 2
0.750626 1.03179 2
e
1.55188 1.6544 9
0.992324 0.364566 9
0.454232 1.67486 9
e
