 0.639729 1.868587 
 1.653981 0.789514 
 0.878811 0.229499 
 1.492904 0.709372 
 0.460219 1.149205 
 0.739647 0.012513 
 0.032350 0.150212 
 0.130497 0.653096 
 0.763207 1.524644 
 0.261666 1.708975 
 1.634999 0.199652 
 0.010681 1.866573 
 1.102206 0.513993 
 1.665273 1.785333 
 1.050386 0.091372 
 1.196387 1.027863 
 1.992920 1.999878 
 1.113620 1.244301 
 1.444197 1.383038 
 0.339732 0.298044 
 0.405286 1.751946 
 0.542619 1.020356 
 1.901364 1.124485 
 1.361553 1.281594 
 0.505997 1.200110 
 1.965575 1.065767 
 0.793054 1.756767 
 1.381268 1.237465 
 1.650258 1.458357 
 1.027863 1.686636 
 0.394238 1.259987 
 1.896481 1.540330 
 1.624195 1.597766 
 1.811640 1.128574 
 0.750450 1.552049 
 1.212439 0.391064 
 1.137120 1.170202 
 0.890469 1.413129 
 0.795190 1.137181 
 0.122257 1.778008 
 1.563707 0.981536 
 0.634114 0.423109 
 0.717124 0.003967 
 0.836085 0.687704 
 1.935911 0.115482 
 1.763237 0.239082 
 1.577258 0.774316 
 1.161046 0.565996 
 1.185339 1.206702 
 1.153722 1.725028 
 0.175970 0.101444 
 1.930906 1.028901 
 1.635670 1.964110 
 0.892056 1.364055 
 1.170568 0.318613 
 1.685598 1.823542 
 1.744438 0.944670 
 0.579363 0.344920 
 0.441908 1.337382 
 0.601215 1.038972 
 0.095401 1.576830 
 0.886380 1.897519 
 1.712271 0.796106 
 1.669485 1.567370 
 0.640767 0.433546 
 0.358226 0.878811 
 0.411817 0.458449 
 1.127354 1.814692 
 1.193396 1.756218 
 1.468856 1.609119 
 0.796472 0.861721 
 0.136967 0.661885 
 1.168798 0.227668 
 1.925840 1.957701 
 0.314585 0.215400 
 1.715262 0.675619 
 0.577532 1.996094 
 1.225196 1.678762 
 1.224464 1.549425 
 0.913358 1.569262 
 0.267342 1.947874 
 0.455885 0.997650 
 1.461287 0.112735 
 0.246712 1.913938 
 1.415326 1.231605 
 1.354656 1.446516 
 0.754479 1.021882 
 0.374462 1.099155 
 0.269906 1.031220 
 0.610492 0.950224 
 1.994873 1.159093 
 0.029237 1.544359 
 0.143559 0.589496 
 1.419599 1.162572 
 1.851741 1.320902 
 1.196997 1.159093 
 0.654439 1.481429 
 0.289926 1.051851 
 0.640278 0.616657 
 1.546251 0.054506 
 0.218818 0.137761 
 1.095859 0.737205 
 1.438581 1.116977 
 0.108341 1.504074 
 1.793451 0.618488 
 0.382824 1.574206 
 0.454726 0.751915 
 0.206793 1.154515 
 1.867183 1.635975 
 1.922361 0.490982 
 0.644307 0.459670 
 1.636952 0.486770 
 0.703818 1.828791 
 0.516129 0.574053 
 0.577288 1.584948 
 0.095828 0.527116 
 1.834040 1.284890 
 1.051424 1.904538 
 0.555376 1.527329 
 1.861751 1.807733 
 0.797327 1.315165 
 0.805017 0.643452 
 1.979125 1.639882 
 1.723991 0.577837 
 1.134556 0.476760 
 0.998566 0.368542 
 1.965087 1.377361 
 0.162542 1.264809 
 1.629994 0.846828 
 1.602832 1.659536 
 1.213233 0.694723 
 1.777764 1.184729 
 0.803369 0.545366 
 1.392621 1.934263 
 1.123875 0.695822 
 0.969939 1.503769 
 0.652303 0.509415 
 1.251381 1.534532 
 0.164922 0.531449 
 0.869350 0.448561 
 1.644520 1.515793 
 0.725791 0.062441 
 1.489242 0.547990 
 1.515427 0.767907 
 0.959624 1.455000 
 1.830683 0.965972 
 1.801508 1.685904 
 1.286843 1.442854 
 1.981750 0.854396 
 0.103458 0.374706 
 1.347563 1.825581 
 1.358104 1.929661 
 1.304147 1.730387 
 1.290902 1.637269 
 1.392206 1.639540 
 1.274398 1.792718 
 1.340825 1.643837 
 1.299429 1.880453 
 1.220454 1.701675 
 1.324979 1.966723 
 1.253218 1.927036 
 1.329301 1.942711 
 1.290793 1.672109 
 1.213038 1.655910 
 1.253670 1.641896 
 1.298025 1.867354 
 1.325468 1.878268 
 1.265535 1.772015 
 1.396045 1.851192 
 1.277743 1.820075 
 1.347252 1.894418 
 1.326145 1.976428 
 1.274947 1.823188 
 1.350664 1.755998 
 1.241145 1.971496 
 1.373235 1.772356 
 1.249953 1.686367 
 1.389557 1.936998 
 1.241102 1.716715 
 1.262825 1.647060 
 1.394830 1.934141 
 1.363195 1.898764 
 1.341752 1.623292 
 1.396594 1.864046 
 1.371728 1.779412 
 1.366863 1.868111 
 1.235096 1.850117 
 1.314780 1.705179 
 1.230439 1.959447 
 1.377801 1.830061 
 1.372265 1.851399 
 1.214222 1.962963 
 1.332597 1.990405 
 1.335655 1.845100 
 1.350175 1.656435 
 1.391284 1.882650 
 1.200879 1.872103 
 1.347984 1.616334 
 1.223328 1.999268 
 1.209815 1.754472 
 1.293258 1.842708 
 1.220710 1.706668 
 1.340477 1.698331 
 1.394171 1.955858 
 1.302182 1.783380 
 1.313590 1.606043 
 1.306333 1.886203 
 1.247127 1.643519 
 1.378845 1.872994 
 1.320676 1.848579 
 1.268343 1.889218 
 1.392883 1.895749 
 1.282339 1.692825 
 1.375793 1.779730 
 1.328349 1.957237 
 1.244996 1.704532 
 1.253945 1.781207 
 1.282992 1.773565 
 1.279336 1.643275 
 1.399414 1.617786 
 1.216291 1.638258 
 1.272066 1.899899 
 1.267147 1.833222 
 1.352361 1.831513 
 1.297617 1.780548 
 1.278951 0.241450 
 1.377209 0.025489 
 1.343358 0.331993 
 1.280947 0.245796 
 1.351244 0.061110 
 1.346214 0.060768 
 1.323191 0.287960 
 1.378356 0.347545 
 1.378661 0.219062 
 1.398907 0.301645 
 1.246870 0.292856 
 1.330149 0.079836 
 1.348479 0.039991 
 1.209729 0.262300 
 1.291586 0.256929 
 1.229109 0.371960 
 1.326054 0.230280 
 1.389599 0.088247 
 1.399701 0.149467 
 1.269704 0.193048 
 1.360240 0.245161 
 1.297580 0.085965 
 1.346690 0.390991 
 1.222291 0.106851 
 1.313901 0.105972 
 1.377648 0.302634 
 1.334153 0.295407 
 1.232368 0.276376 
 1.219343 0.267281 
 1.220356 0.155754 
 1.307730 0.162236 
 1.344761 0.118583 
 1.358806 0.334092 
 1.349614 0.112894 
 1.200128 0.218781 
 1.352855 0.009058 
 1.269918 0.229035 
 1.334355 0.221393 
 1.299033 0.012317 
 1.372826 0.236775 
 1.276180 0.209577 
 1.225275 0.287948 
 1.340110 0.252278 
 1.342827 0.008631 
 1.342430 0.135160 
 1.316562 0.108402 
 1.324967 0.302414 
 1.247243 0.104324 
 1.255287 0.384448 
 1.232594 0.147417 
 1.264138 0.123051 
 1.265902 0.380895 
 1.328666 0.022413 
 1.339683 0.268099 
 1.245015 0.263216 
 1.248250 0.127445 
 1.234193 0.217682 
 1.282760 0.111771 
 1.224848 0.302841 
 1.312644 0.069887 
 1.356743 0.109574 
 1.247121 0.327586 
 1.348717 0.144951 
 1.370513 0.025575 
 1.274825 0.325364 
 1.345140 0.252242 
 1.392456 0.157878 
 1.375591 0.208014 
 1.366118 0.147453 
 1.327982 0.039686 
 1.330686 0.167400 
 1.298148 0.181500 
 1.337901 0.330576 
 1.222315 0.040809 
 1.229737 0.098953 
 0.624195 1.865889 
 0.682553 1.968920 
 0.692068 1.833100 
 0.665633 1.869832 
 0.779736 1.791229 
 0.657991 1.813410 
 0.725083 1.700308 
 0.667061 1.731364 
 0.679916 1.802448 
 0.793164 1.638832 
 0.644893 1.762224 
 0.783343 1.861092 
 0.603308 1.814081 
 0.718491 1.661037 
 0.647414 1.954283 
 0.677377 1.604956 
 0.791113 1.814899 
 0.721372 1.604114 
 0.662673 1.657289 
 0.643654 1.969530 
 0.771355 1.922654 
 0.626612 1.817621 
 0.741520 1.777093 
 0.651192 1.764116 
 0.608124 1.688711 
 0.601941 1.643703 
 0.767333 1.674282 
 0.711521 1.793036 
 0.675808 1.852815 
 0.688418 1.834370 
 0.692770 1.743864 
 0.771624 1.897739 
 0.758257 1.747673 
 0.655959 1.818586 
 0.701480 1.644972 
 0.731944 1.649013 
 0.673055 1.953746 
 0.783776 1.819538 
 0.694784 1.780523 
 0.789337 1.889242 
 0.620728 1.803827 
 0.765844 1.821760 
 0.703446 1.626930 
 0.705020 1.924448 
 0.658950 1.737858 
 0.741392 1.788372 
 0.624348 1.713773 
 0.797589 1.966613 
 0.701755 1.707486 
 0.650337 1.928257 
 0.682253 1.653481 
 0.660921 1.625782 
 0.643776 1.630873 
 0.713791 1.813202 
 0.616474 1.821076 
 0.607208 1.652333 
 0.609461 1.897287 
 0.639509 1.945152 
 0.792639 1.883761 
 0.634889 1.729069 
 0.727293 1.921824 
 0.752355 1.773333 
 0.639369 1.780682 
 0.721622 1.913462 
 0.628974 1.950108 
 0.649763 1.761528 
 0.610028 1.952647 
 0.642250 1.729826 
 0.673696 1.712955 
 0.782250 1.905161 
 0.669436 1.621656 
 0.711808 1.711515 
 0.697336 1.931114 
 0.758824 1.898532 
 0.705570 1.920823 
 0.653420 0.193133 
 0.686654 0.269857 
 0.777508 0.152043 
 0.666292 0.273824 
 0.791339 0.152629 
 0.778552 0.143767 
 0.780755 0.059328 
 0.621088 0.024757 
 0.768865 0.103592 
 0.784265 0.371374 
 0.735966 0.314451 
 0.747758 0.117753 
 0.791357 0.237397 
 0.638581 0.079812 
 0.640925 0.079092 
 0.644136 0.026698 
 0.794159 0.215351 
 0.774090 0.059597 
 0.654299 0.199799 
 0.764843 0.334874 
 0.735588 0.210968 
 0.620344 0.169256 
 0.751067 0.075063 
 0.782958 0.164666 
 0.614924 0.002075 
 0.628144 0.389990 
 0.703018 0.172613 
 0.676772 0.257308 
 0.615339 0.113053 
 0.618708 0.330393 
 0.784210 0.196503 
 0.741502 0.102469 
 0.771892 0.206977 
 0.657906 0.381188 
 0.601440 0.104386 
 0.725980 0.318027 
 0.764489 0.327854 
 0.655489 0.119816 
 0.649721 0.374682 
 0.694418 0.279696 
 0.635853 0.192767 
 0.689291 0.365197 
 0.792737 0.323704 
 0.613086 0.200763 
 0.634492 0.134111 
 0.654457 0.082376 
 0.668307 0.072915 
 0.662062 0.061708 
 0.782678 0.091726 
 0.637672 0.137248 
 0.618879 0.166118 
 0.671926 0.190008 
 0.769396 0.255123 
 0.616346 0.301230 
 0.746983 0.036561 
 0.685495 0.289669 
 0.768322 0.155644 
 0.682882 0.305893 
 0.695694 0.124247 
 0.644533 0.121049 
 0.780798 0.208686 
 0.793841 0.147771 
 0.754112 0.043007 
 0.601471 0.230500 
 0.703800 0.105838 
 0.644191 0.042933 
 0.687814 0.397766 
 0.656142 0.329991 
 0.722904 0.057131 
 0.666555 0.031727 
 0.694363 0.251656 
 0.617469 0.126908 
 0.630238 0.083169 
 0.755351 0.033460 
 0.683718 0.243318 
 1.975524 1.754570 
 1.668706 1.696692 
 1.790216 1.938871 
 1.709387 1.692434 
 1.716620 1.684240 
 1.734535 1.997559 
 1.598834 1.782342 
 1.926756 1.655766 
 1.658391 1.912122 
 1.697211 1.638432 
 1.502426 1.552629 
 1.811563 1.904202 
 1.707190 1.670278 
 1.801981 1.600436 
 1.710974 1.977248 
 1.524720 1.828028 
 1.501114 1.808130 
 1.972594 1.641560 
 1.829264 1.911679 
 1.701575 1.706748 
 1.939329 1.704352 
 1.981277 1.786950 
 1.542497 1.782739 
 1.528077 1.980621 
 1.523804 1.741615 
 1.931104 1.881649 
 1.614322 1.594501 
 1.629444 1.584506 
 1.513718 1.843715 
 1.550966 1.705802 
 1.697317 1.996597 
 1.771310 1.844523 
 1.892117 1.575060 
 1.802957 1.652440 
 1.956114 1.915052 
 1.873455 1.936918 
 1.645314 1.802911 
 1.802316 1.967666 
 1.502884 1.745674 
 1.835932 1.909574 
 1.854671 1.921903 
 1.549806 1.553362 
 1.645497 1.609989 
 1.677725 1.765999 
 1.600833 1.641179 
 1.976760 1.832560 
 1.947890 1.673482 
 1.988021 1.611820 
 1.680624 1.834056 
 1.802286 1.676992 
 1.603244 1.526475 
 1.689718 1.863781 
 1.636235 1.950026 
 1.703406 1.897473 
 1.619526 1.627567 
 1.615757 1.521149 
 1.597125 1.989441 
 1.797388 1.796564 
 1.817499 1.809427 
 1.897702 1.999832 
 1.934248 1.540605 
 1.936628 1.783792 
 1.641255 1.847148 
 1.666906 1.528703 
 1.726859 1.879421 
 1.816141 1.553453 
 1.781289 1.589129 
 1.568239 1.608768 
 1.541841 1.631382 
 1.893429 1.824808 
 1.610065 1.650456 
 1.586230 1.534455 
 1.525483 1.996353 
 1.620945 1.644765 
 1.930036 1.668737 
 1.683752 1.977767 
 1.807764 1.535508 
 1.991028 1.753227 
 1.534135 1.622425 
 1.753151 1.634632 
 1.719184 1.521073 
 1.893231 1.510712 
 1.578997 1.711753 
 1.879971 1.934004 
 1.820017 1.848369 
 1.784341 1.888684 
 1.770287 1.802026 
 1.919095 1.809259 
 1.742149 1.510392 
 1.670782 1.522187 
 1.860881 1.929533 
 1.883435 1.532212 
 1.843348 1.635044 
 1.903500 1.825220 
 1.961409 1.869839 
 1.645085 1.609638 
 1.674078 1.584613 
 1.785394 1.668264 
 1.663228 1.768746 
 1.949019 1.742180 
 1.756783 1.617908 
 1.991287 1.618763 
 1.974075 1.835566 
 1.739219 1.845897 
 1.677664 1.614963 
 1.800256 1.743675 
 1.565981 1.598972 
 1.797403 1.636189 
 1.991073 1.864025 
 1.640690 1.974731 
 1.835978 1.725471 
 1.694143 1.774392 
 1.936155 1.911206 
 1.947569 1.536256 
 1.778985 1.900128 
 1.552599 1.576617 
 1.966262 1.972640 
 1.832453 1.935377 
 1.673452 1.769967 
 1.624607 1.785348 
 1.590716 1.909040 
 1.565905 1.514618 
 1.579409 1.949934 
 1.679434 1.903363 
 1.529115 1.762810 
 1.872448 1.567370 
 1.648961 1.591052 
 1.704901 1.590213 
 1.678106 1.857662 
 1.537858 1.515442 
 1.749382 1.511505 
 1.921064 1.621311 
 1.890713 1.960753 
 1.829249 1.649373 
 1.898602 1.889828 
 1.606388 1.909268 
 1.568056 1.507233 
 1.727393 1.931150 
 1.513337 1.520814 
 1.736442 1.587954 
 1.563814 1.887448 
 1.971664 1.859386 
 1.969588 1.633961 
 1.935041 1.659032 
 1.900830 1.796426 
 1.917463 1.897214 
 1.975661 1.774178 
 1.737877 1.700827 
 1.800531 1.646077 
 1.706137 1.962355 
 1.757775 0.245277 
 1.668828 0.139866 
 1.524644 0.039811 
 1.747444 0.479904 
 1.558061 0.115741 
 1.628468 0.084918 
 1.529618 0.309595 
 1.514389 0.497620 
 1.945173 0.287164 
 1.595355 0.223395 
 1.933302 0.115543 
 1.650700 0.363567 
 1.937208 0.125034 
 1.639653 0.280358 
 1.794214 0.108112 
 1.890759 0.466445 
 1.937391 0.152135 
 1.749290 0.040025 
 1.703513 0.152654 
 1.791986 0.038224 
 1.982055 0.304407 
 1.968673 0.429762 
 1.689108 0.116520 
 1.779809 0.019501 
 1.801172 0.249275 
 1.849818 0.166478 
 1.932600 0.218711 
 1.505036 0.487121 
 1.691488 0.266564 
 1.716086 0.465773 
 1.798425 0.441939 
 1.513810 0.144414 
 1.701941 0.191809 
 1.738273 0.313242 
 1.675802 0.007248 
 1.730033 0.374081 
 1.631809 0.422117 
 1.823313 0.298608 
 1.632969 0.411176 
 1.750221 0.353191 
 1.841212 0.484542 
 1.815485 0.012085 
 1.883953 0.025254 
 1.951064 0.231132 
 1.874157 0.166936 
 1.510041 0.003494 
 1.567888 0.258263 
 1.909192 0.369732 
 1.894116 0.211356 
 1.979415 0.303613 
 1.840831 0.280725 
 1.633702 0.145985 
 1.932066 0.069811 
 1.711829 0.008240 
 1.780038 0.312021 
 1.611057 0.317377 
 1.946974 0.222785 
 1.562532 0.424665 
 1.600742 0.470092 
 1.662465 0.449507 
 1.698935 0.059893 
 1.517487 0.280648 
 1.685522 0.183447 
 1.613865 0.406400 
 1.934675 0.323435 
 1.769463 0.495895 
 1.926008 0.165807 
 1.778298 0.403195 
 1.885586 0.114124 
 1.606738 0.016053 
 1.877239 0.453261 
 1.750847 0.121433 
 1.578295 0.459517 
 1.614307 0.209235 
 1.724433 0.003784 
 1.516083 0.386746 
 1.957717 0.444838 
 1.687536 0.324915 
 1.562319 0.359447 
 1.867962 0.409085 
 1.822520 0.406354 
 1.858303 0.015442 
 1.986877 0.370907 
 1.642186 0.085482 
 1.573336 0.187201 
 1.933714 0.420103 
 1.999664 0.484664 
 1.761299 0.365322 
 1.773171 0.455840 
 1.947233 0.311518 
 1.724631 0.092532 
 1.591876 0.177953 
 1.520447 0.086764 
 1.922391 0.304636 
 1.937422 0.443846 
 1.614689 0.423078 
 1.634678 0.104007 
 1.948943 0.128254 
 1.907102 0.119999 
 1.906919 0.023316 
 1.654363 0.186911 
 1.571505 0.458998 
 1.550493 0.071612 
 1.937178 0.039644 
 1.647649 0.238487 
 1.990860 0.317774 
 1.899075 0.218131 
 1.672933 0.348933 
 1.835307 0.016343 
 1.577380 0.028764 
 1.878094 0.109867 
 1.500427 0.384289 
 1.526292 0.325983 
 1.697470 0.240944 
 1.898465 0.152715 
 1.957106 0.437773 
 1.865871 0.276681 
 1.852077 0.012024 
 1.761086 0.395184 
 1.776421 0.025620 
 1.895993 0.099811 
 1.627873 0.454955 
 1.873608 0.378033 
 1.745445 0.316019 
 1.928510 0.029817 
 1.961013 0.446913 
 1.779702 0.046373 
 1.874691 0.119251 
 1.730674 0.247429 
 1.713187 0.400769 
 1.500885 0.224311 
 1.880520 0.440519 
 1.523118 0.385586 
 1.560411 0.099078 
 1.690863 0.151997 
 1.980071 0.095126 
 1.790490 0.097812 
 1.694128 0.090609 
 1.602206 0.085284 
 1.998749 0.386258 
 1.904431 0.189093 
 1.834864 0.149251 
 1.865780 0.457823 
 1.790048 0.345149 
 1.559175 0.309137 
 1.558458 0.295557 
 1.582430 0.105640 
 1.968062 0.033876 
 1.519562 0.208335 
 1.934721 0.380688 
 0.227393 1.554338 
 0.452330 1.910611 
 0.181631 1.556093 
 0.478545 1.732917 
 0.366985 1.868587 
 0.325297 1.757241 
 0.445570 1.821665 
 0.413663 1.866649 
 0.187948 1.564287 
 0.002258 1.669744 
 0.401364 1.717536 
 0.248772 1.753822 
 0.339259 1.583224 
 0.213752 1.610813 
 0.326792 1.705267 
 0.166219 1.657979 
 0.086398 1.830119 
 0.300455 1.525178 
 0.498016 1.563875 
 0.223167 1.530686 
 0.278176 1.772240 
 0.320673 1.517258 
 0.312540 1.520676 
 0.365246 1.970565 
 0.125980 1.601505 
 0.470199 1.591464 
 0.224860 1.944670 
 0.252770 1.744697 
 0.295648 1.959197 
 0.314737 1.954909 
 0.494461 1.602313 
 0.399380 1.872768 
 0.311686 1.722877 
 0.334910 1.882580 
 0.246315 1.976028 
 0.123218 1.773339 
 0.274117 1.856182 
 0.283578 1.645192 
 0.344081 1.644902 
 0.310602 1.973052 
 0.387753 1.820826 
 0.355815 1.999374 
 0.075442 1.728202 
 0.492218 1.877911 
 0.304010 1.551256 
 0.171270 1.740303 
 0.150349 1.891079 
 0.231712 1.607395 
 0.275201 1.991745 
 0.069216 1.817133 
 0.011414 1.913022 
 0.327006 1.890942 
 0.121296 1.695975 
 0.215857 1.510529 
 0.457076 1.818735 
 0.323817 1.526826 
 0.009278 1.989212 
 0.024232 1.673070 
 0.077044 1.571429 
 0.341945 1.903806 
 0.044908 1.692831 
 0.386776 1.531861 
 0.000427 1.828730 
 0.213858 1.584918 
 0.177007 1.911527 
 0.220084 1.553819 
 0.456267 1.760979 
 0.435957 1.954161 
 0.414319 1.882809 
 0.322459 1.873424 
 0.146504 1.932188 
 0.432112 1.925275 
 0.354701 1.889233 
 0.043718 1.782907 
 0.431669 1.743294 
 0.129994 1.713401 
 0.026994 1.732887 
 0.267739 1.785012 
 0.328761 1.938124 
 0.349635 1.668996 
 0.045335 1.772591 
 0.207282 1.708258 
 0.321940 1.671621 
 0.004624 1.674291 
 0.075915 1.523484 
 0.011444 1.884610 
 0.485519 1.640873 
 0.115833 1.602298 
 0.116260 1.819117 
 0.185614 1.889752 
 0.419462 1.778329 
 0.137486 1.838313 
 0.087069 1.536058 
 0.323817 1.845820 
 0.497513 1.507675 
 0.095935 1.863887 
 0.236488 1.881024 
 0.153737 1.786660 
 0.427671 1.562319 
 0.040742 1.903272 
 0.356944 1.740471 
 0.394055 1.585467 
 0.125324 1.866100 
 0.308466 1.632496 
 0.314356 1.592730 
 0.424406 1.945173 
 0.398709 1.976699 
 0.098682 1.950774 
 0.390042 1.982604 
 0.267785 1.951003 
 0.446974 1.591510 
 0.362789 1.814463 
 0.434935 1.558428 
 0.385510 1.685873 
 0.170782 1.616047 
 0.005112 1.633656 
 0.336375 1.671789 
 0.284600 1.908032 
 0.295312 1.794717 
 0.396588 1.731101 
 0.297510 1.539506 
 0.437712 1.791299 
 0.305795 1.904187 
 0.200949 1.863643 
 0.428968 1.968383 
 0.015519 1.727851 
 0.195593 1.509308 
 0.013352 1.806284 
 0.153203 1.642109 
 0.431776 1.693381 
 0.026734 1.781426 
 0.311655 1.998642 
 0.421323 1.971160 
 0.200537 1.674902 
 0.302973 1.879269 
 0.219932 1.753929 
 0.242332 1.504578 
 0.106235 1.660955 
 0.155278 1.892239 
 0.084780 1.530412 
 0.024979 1.904889 
 0.186056 1.694311 
 0.339961 1.846400 
 0.363933 1.765481 
 0.232017 1.984985 
 0.024812 1.987289 
 0.049150 1.772683 
 0.327448 1.771996 
 0.347011 1.807855 
 0.362468 1.599353 
 0.033921 0.337870 
 0.071337 0.197424 
 0.153615 0.348643 
 0.013901 0.177541 
 0.039781 0.037889 
 0.343822 0.045213 
 0.327418 0.219260 
 0.101535 0.258980 
 0.054689 0.453719 
 0.183920 0.258827 
 0.340220 0.455565 
 0.100085 0.136296 
 0.369716 0.069658 
 0.372677 0.368191 
 0.176778 0.366848 
 0.194052 0.285287 
 0.451933 0.154302 
 0.196783 0.198706 
 0.364223 0.448027 
 0.447661 0.355098 
 0.130100 0.203818 
 0.024812 0.142781 
 0.313669 0.354259 
 0.287225 0.221030 
 0.092654 0.447859 
 0.195853 0.493728 
 0.474731 0.438002 
 0.296106 0.099796 
 0.198263 0.417859 
 0.220649 0.342235 
 0.302149 0.348674 
 0.322169 0.227165 
 0.098834 0.077944 
 0.295373 0.035463 
 0.035142 0.194708 
 0.397626 0.098254 
 0.175130 0.018311 
 0.127644 0.198477 
 0.289285 0.268227 
 0.471511 0.270287 
 0.284768 0.211020 
 0.075381 0.318171 
 0.460646 0.332087 
 0.454573 0.227729 
 0.322779 0.328379 
 0.097827 0.389828 
 0.442686 0.469543 
 0.076754 0.310160 
 0.094638 0.123844 
 0.019288 0.126041 
 0.155568 0.496307 
 0.057024 0.202353 
 0.001877 0.375317 
 0.105319 0.228309 
 0.387936 0.435194 
 0.085894 0.487197 
 0.040056 0.391049 
 0.451323 0.220862 
 0.451140 0.053209 
 0.120273 0.260720 
 0.109317 0.077960 
 0.183767 0.347270 
 0.146123 0.461241 
 0.490890 0.309992 
 0.137486 0.072588 
 0.473952 0.029389 
 0.042726 0.275994 
 0.322260 0.353282 
 0.015534 0.434339 
 0.363948 0.388867 
 0.071383 0.344752 
 0.265069 0.342814 
 0.345744 0.401349 
 0.405530 0.331034 
 0.427549 0.032426 
 0.041124 0.329966 
 0.002136 0.208960 
 0.111164 0.191504 
 0.288339 0.071215 
 0.300775 0.393078 
 0.003586 0.470489 
 0.217750 0.445112 
 0.342006 0.472640 
 0.292779 0.127567 
 0.199347 0.120548 
 0.262795 0.477401 
 0.129582 0.002167 
 0.346767 0.198843 
 0.267113 0.421049 
 0.473083 0.418592 
 0.199301 0.216391 
 0.168203 0.457350 
 0.023545 0.029359 
 0.465819 0.040056 
 0.073275 0.062548 
 0.445769 0.116382 
 0.047334 0.129398 
 0.262337 0.213401 
 0.026902 0.040712 
 0.271203 0.492416 
 0.114719 0.124775 
 0.114246 0.431791 
 0.180563 0.428327 
 0.371899 0.307611 
 0.447615 0.394818 
 0.142125 0.394055 
 0.404019 0.067354 
 0.155675 0.055315 
 0.274026 0.112781 
 0.286676 0.151143 
 0.033082 0.213904 
 0.068270 0.427595 
 0.201209 0.126850 
 0.072405 0.315088 
 0.399091 0.450301 
 0.263268 0.305551 
 0.401196 0.403439 
 0.183782 0.330500 
 0.170492 0.159703 
 0.084460 0.312052 
 0.108783 0.032975 
 0.353954 0.308573 
 0.007340 0.063234 
 0.360820 0.426984 
 0.432157 0.298441 
 0.065813 0.423536 
 0.027955 0.319605 
 0.013916 0.164922 
 0.475860 0.305994 
 0.065813 0.371639 
 0.088290 0.187124 
 0.477859 0.315424 
 0.276406 0.178549 
 0.190054 0.392682 
 0.373669 0.248451 
 0.431623 0.245750 
 0.050310 0.311533 
 0.002945 0.353938 
 0.303140 0.197592 
 0.344081 0.266076 
 0.254631 0.191183 
 0.248405 0.396680 
 0.246269 0.189566 
 0.331400 0.057268 
 0.459990 0.275582 
 0.113544 0.145146 
 0.052400 0.252525 
 0.326930 0.161061 
 0.036134 0.437819 
 0.304819 0.478057 
 1.142483 1.012291 
 0.813616 0.782868 
 0.900029 1.221999 
 1.186674 1.112514 
 1.163343 1.229537 
 1.118999 0.906941 
 0.826327 0.911519 
 0.982780 1.000603 
 0.954489 0.899373 
 1.022546 0.974128 
 1.070490 1.160001 
 0.789674 0.788301 
 0.827441 0.913457 
 1.175611 1.122158 
 0.804277 1.184523 
 0.902913 0.836962 
 0.907506 1.034600 
 1.083888 1.238266 
 1.113842 0.771607 
 1.205779 1.057352 
 1.038018 1.183866 
 1.152264 0.824557 
 1.060190 1.095561 
 1.120373 1.056024 
 0.997230 0.790193 
 1.042306 0.925649 
 1.052362 1.099254 
 0.871433 0.844470 
 1.027566 1.202544 
 0.842135 1.118954 
 1.032876 0.937567 
 1.062387 1.110454 
 1.177396 1.164396 
 1.048914 1.067362 
 0.975806 0.983177 
 1.064035 1.052072 
 0.955359 0.850986 
 0.863651 1.134533 
 1.197310 0.895009 
 1.215758 0.774216 
 0.797197 0.968863 
 0.798753 1.062586 
 0.978721 1.249008 
 0.839175 1.247589 
 0.844974 0.917974 
 1.097880 1.212401 
 1.002068 1.231521 
 1.064341 0.830096 
 1.038934 1.016289 
 0.968345 0.866214 
 1.098109 0.895177 
 0.968360 0.850970 
 1.021722 0.786943 
 1.126110 1.093074 
 0.806887 0.977256 
 1.026605 0.757126 
 0.855289 0.807802 
 1.153119 1.176313 
 0.750809 0.780503 
 0.876362 0.822237 
 1.050119 1.123608 
 1.167310 1.103999 
 0.820132 1.116543 
 0.893040 0.918157 
 0.907033 1.220534 
 0.804964 1.121563 
 1.171079 0.811663 
 1.078806 0.848926 
 1.171522 1.063379 
 1.015664 0.847034 
 1.036294 0.775254 
 0.763733 1.247314 
 1.000450 1.195082 
 1.169721 0.948828 
 0.847995 1.130657 
 1.119594 1.033639 
 1.241485 0.898900 
 0.978050 0.885945 
 1.173490 0.908437 
 0.985862 0.937490 
 1.024773 0.922994 
 1.224670 1.210692 
 0.963111 0.802339 
 1.008507 1.081492 
 1.167341 0.767548 
 0.811510 0.933905 
 1.110958 0.987648 
 1.091121 1.127926 
 0.889790 1.034371 
 1.116008 0.952795 
 0.827776 1.001961 
 1.158597 0.987632 
 0.845676 0.838946 
 1.160840 1.041025 
 0.826617 1.188627 
 1.233306 1.091594 
 0.963279 0.785188 
 1.096446 0.901524 
 0.820788 1.202559 
 0.823748 1.224792 
 1.099879 1.002403 
 0.995949 0.781770 
 0.834490 1.078654 
 1.125774 0.922781 
 1.008553 1.244995 
 0.962577 1.151440 
 0.825777 0.862552 
 1.036203 0.930670 
 1.117504 1.054483 
 1.049524 0.942618 
 1.122219 0.804140 
 0.978980 1.224578 
 1.121868 0.984230 
 0.992470 0.852680 
 1.168806 1.113247 
 1.043954 1.095592 
 0.887944 0.886448 
 0.754395 1.209395 
 1.088603 0.778108 
 0.937933 0.796312 
 1.170072 0.761872 
 0.883106 0.898640 
 1.055750 0.946219 
 1.248398 1.249847 
 1.139828 1.171827 
 1.181120 0.854801 
 0.981040 0.867664 
 1.019677 0.821169 
 1.227950 1.212859 
 1.187986 1.113338 
 1.009941 0.900975 
 1.141659 1.151303 
 0.778520 1.053842 
 0.975394 0.926061 
 0.833117 1.081523 
 1.050882 1.053583 
 1.015831 1.035592 
 0.754456 0.938940 
 0.809542 0.752335 
 1.244263 0.972846 
 0.823656 0.832949 
 0.795701 0.932226 
 0.901997 0.757492 
 1.105251 1.006767 
 0.837054 1.179472 
 1.161420 1.123302 
 0.925146 1.197981 
 1.042505 0.989937 
 0.846652 1.154370 
 0.750626 1.031793 
 