set style line 1 lc rgb 'green' pt 9 ps 1
set style line 2 lc rgb 'red' pt 29 ps 1
plot '-' with points ls 1,'-' with points ls 2
-0.100497 0.715262
-0.364544 0.727165
0.894650 -0.963012
-0.765984 -0.783502
-0.350444 -0.861507
0.038301 0.984558
0.820795 -0.778008
0.438398 0.857479
-0.094333 0.173864
0.258583 0.714591
0.783563 -0.643056
-0.387677 -0.662770
-0.059786 0.050630
-0.299722 0.494003
-0.546007 -0.276101
-0.197668 0.449141
-0.648549 -0.650380
-0.224952 0.376385
0.418989 0.960631
-0.074007 0.476547
0.959288 0.218177
0.993530 -0.169164
0.847591 -0.452986
-0.680776 -0.598254
-0.134190 0.905271
0.248146 -0.140233
-0.803644 0.637257
-0.353008 -0.403424
0.650746 0.353008
0.116611 -0.879940
-0.047761 0.545213
0.615528 -0.486435
-0.727897 0.162084
0.974548 -0.234169
-0.224464 0.560167
-0.280923 -0.716910
0.295755 -0.412580
0.989319 0.741752
-0.863155 0.046663
0.993591 0.907285
0.845882 0.845820
-0.598010 0.640309
-0.733207 0.597705
0.962462 0.874630
0.243995 -0.019440
0.081454 -0.769463
-0.646168 -0.626576
0.608875 -0.162816
-0.293802 0.341594
-0.677664 -0.288919
0.303629 0.288553
-0.737236 0.017914
0.451033 0.816340
-0.188452 -0.377300
0.284951 0.575488
-0.335734 -0.601245
-0.364055 -0.479598
0.969543 0.283792
-0.228248 -0.459700
-0.045869 0.195227
-0.589160 -0.216285
0.325297 -0.698416
0.814508 0.421491
-0.097873 0.758965
0.300882 -0.977905
0.462813 0.643544
-0.489669 -0.740287
0.841731 -0.517747
0.130345 -0.702872
0.940245 0.876522
-0.579089 0.849971
0.937071 -0.938475
0.139988 -0.580554
-0.525498 0.041047
0.593005 -0.730461
0.863155 -0.826350
0.982238 -0.957823
0.588183 -0.302286
0.968566 0.831843
-0.234230 0.162084
-0.775994 -0.722343
0.722526 -0.558275
0.881466 0.809565
-0.293924 -0.340983
-0.734733 0.547777
-0.249489 0.237098
-0.530747 0.368084
0.985168 -0.085177
0.122227 -0.866207
0.214515 -0.312052
0.240272 0.647938
-0.491745 0.372845
-0.541795 0.380779
-0.398968 0.465743
0.989746 -0.962889
0.322733 0.627491
0.326640 -0.620411
-0.657826 -0.776238
0.269509 -0.184423
0.184912 0.688040
0.978027 -0.191076
-0.710807 0.558275
-0.372112 0.721732
-0.468001 0.328288
-0.561876 0.246437
-0.504074 0.741508
0.418439 0.448103
0.355998 0.584277
0.092624 -0.988464
0.567003 0.287759
-0.812128 0.102390
-0.769280 0.132481
0.701468 -0.038057
-0.560961 0.091464
0.827326 0.600757
0.745842 0.719169
0.407575 -0.623585
-0.440962 0.313395
0.073214 -0.174902
0.684378 0.394024
-0.824030 0.563158
-0.577929 -0.812738
0.936033 0.457137
0.182470 -0.007721
-0.697806 -0.266457
0.092257 -0.975707
-0.438643 0.281106
0.201697 -0.673330
0.326151 -0.160985
-0.287698 -0.784845
0.265358 -0.451460
-0.745354 0.288430
0.672475 0.513474
-0.647328 0.837275
0.205359 0.409040
0.320353 0.168310
0.338542 -0.669912
0.356792 -0.459639
0.003082 -0.712455
0.359783 0.835994
0.746941 0.420759
0.302591 -0.656056
-0.076083 0.799554
0.012177 -0.401654
0.515976 0.813410
-0.340495 -0.320841
-0.340373 -0.738334
-0.501999 0.889157
0.408490 -0.066622
0.419172 -0.345439
-0.574938 0.681021
0.963622 -0.812006
-0.088229 0.526231
-0.805170 -0.755303
0.013947 -0.621326
-0.241615 0.319254
0.489608 0.305094
0.741203 0.921445
-0.363384 0.187231
0.629688 -0.368755
0.460128 0.217750
-0.086886 0.947752
0.943663 0.887326
-0.851985 -0.621326
-0.531968 -0.361064
0.506882 0.335734
0.454695 -0.354595
-0.059359 0.060091
0.672170 -0.669362
-0.696890 -0.757805
0.908139 -0.014557
0.488510 -0.953673
-0.701041 -0.330180
0.601062 0.593005
0.587512 -0.454268
0.316385 0.971313
-0.627674 -0.121128
0.927793 0.308206
0.928648 0.333354
0.202124 0.665944
-0.174108 -0.377178
0.187048 0.610889
0.188147 0.675039
0.962035 0.861446
0.422040 0.840205
0.158544 -0.196997
0.025910 -0.901120
-0.651234 -0.672170
-0.150853 0.081759
-0.581957 0.466292
0.966857 -0.804926
-0.599536 -0.838191
-0.045442 0.187475
-0.108066 0.768181
0.132908 -0.188025
0.010102 -0.676504
0.476791 -0.766228
0.698355 0.387310
0.657826 0.709952
0.859920 -0.898068
-0.742546 0.548448
0.397320 0.179418
0.725028 0.705618
0.554308 0.623890
-0.263527 -0.605701
0.653981 0.330424
-0.179601 0.897580
-0.533311 -0.491928
0.269875 -0.829463
0.469955 -0.025483
0.433638 -0.815546
-0.344157 0.585376
0.960082 0.673757
-0.617542 0.479965
0.321635 0.296060
0.464461 -0.078951
-0.775933 0.683279
0.332011 -0.187597
-0.566698 -0.885189
-0.664846 0.501328
0.735954 -0.447432
-0.218177 0.276894
-0.454512 -0.312662
0.299966 -0.299844
0.247169 -0.338176
0.726493 0.670339
0.655080 -0.270180
0.865047 0.097018
-0.592517 -0.380902
-0.586962 0.487472
0.286782 -0.198035
0.727592 -0.003204
0.715079 0.223792
0.286782 0.785150
-0.274392 -0.403668
0.778130 0.424604
0.788324 0.309122
0.766839 -0.537339
0.862728 -0.002106
0.269570 0.539293
0.553697 -0.539537
-0.970397 0.198401
-0.402448 -0.577441
0.562914 -0.348125
0.812799 0.479171
-0.443464 -0.822993
0.637623 0.249672
-0.491012 0.254433
0.253151 -0.558153
0.292032 -0.296793
0.545152 -0.201880
0.944090 -0.466475
-0.488632 -0.119907
-0.106540 -0.473189
-0.726188 0.764458
-0.668996 0.423505
0.948912 0.725150
-0.626331 -0.219825
-0.658010 0.045259
0.625660 0.540147
-0.454939 -0.845332
0.745170 0.534165
0.620472 -0.929075
-0.869564 -0.576891
0.642750 -0.494430
0.529893 0.667592
0.237037 -0.246742
0.036225 -0.163976
0.010285 -0.031098
-0.915159 0.142857
0.223792 -0.106296
-0.460738 0.255959
-0.036348 0.611011
-0.735527 -0.711844
0.626331 -0.431074
-0.595019 0.313334
0.126804 -0.991943
0.545335 -0.241188
0.398785 -0.290139
-0.059175 0.588916
0.186865 0.685171
0.436506 0.275857
0.194494 0.449873
0.202185 -0.095187
0.595569 -0.822382
-0.246559 0.063692
-0.234535 -0.737480
0.986389 0.956236
-0.008942 0.725150
0.136387 0.936094
0.479049 -0.648122
0.984313 -0.245888
0.267739 0.954039
0.979125 -0.896298
-0.512864 0.416486
0.835994 0.860347
0.608081 0.251808
-0.340922 0.188208
0.110263 -0.759148
-0.275185 0.473983
-0.520432 -0.309122
-0.580370 -0.293863
0.934141 -0.670522
0.513718 -0.963195
0.350932 -0.056856
0.791742 0.560106
-0.811762 -0.302530
0.843013 0.905515
0.837275 -0.425825
0.278054 -0.408002
0.576952 0.219581
0.052583 -0.193762
-0.334330 -0.579760
0.311014 0.621937
0.045869 -0.261452
-0.813166 0.348308
-0.400189 0.495346
0.998047 -0.305216
0.893490 -0.711112
-0.726249 0.439985
-0.654042 -0.764641
-0.120518 -0.375347
-0.829951 0.647023
-0.032746 0.789178
0.885006 -0.029206
0.913450 -0.333293
-0.234779 -0.294412
-0.543260 0.173193
-0.430647 0.590564
-0.317423 -0.612720
0.368694 -0.995727
0.124180 -0.002777
0.947508 -0.485031
-0.803766 -0.249672
-0.602466 0.594653
-0.279031 -0.801263
0.723380 0.421552
0.707938 -0.460982
0.621448 -0.262551
-0.415082 -0.760125
-0.080599 0.355693
0.467391 0.494491
-0.767144 0.281899
0.219092 0.381756
0.341838 -0.229163
0.530686 -0.280557
0.172216 -0.723869
0.994079 -0.520920
-0.633412 0.380657
-0.680105 0.269753
0.116733 0.491684
-0.777215 0.558397
-0.529954 0.760369
0.696768 -0.044588
-0.642384 -0.491928
0.674062 0.580615
0.634632 0.882199
-0.660939 -0.338847
0.260292 0.254128
-0.183081 0.516587
-0.144566 0.838313
-0.558458 0.042268
0.622791 -0.140599
0.299661 -0.442793
-0.380169 -0.239235
0.745598 -0.106235
-0.696707 -0.673818
0.956114 -0.713736
-0.303568 0.737297
-0.504074 -0.547960
0.490341 0.794305
-0.370159 -0.634754
0.663503 0.283486
0.771844 0.759514
-0.532151 -0.582934
0.969665 0.408856
0.271645 0.930784
-0.136876 0.145177
0.887814 0.841365
-0.289651 0.286660
0.688284 -0.468978
-0.624195 -0.677175
-0.164892 0.457320
0.706168 0.502243
0.576464 0.784417
0.679922 -0.249245
-0.080721 0.737419
0.523240 0.646779
0.345988 -0.679495
0.254982 -0.878475
0.774407 -0.693472
-0.827937 -0.456343
0.415571 0.899533
0.327738 -0.292154
-0.408246 -0.297586
-0.607471 -0.445418
-0.218726 0.052522
0.995422 -0.272561
-0.795648 0.014679
0.733024 -0.705374
0.302835 0.593249
0.861507 -0.702933
0.889645 -0.416120
-0.669301 0.319742
-0.659169 0.337077
0.365459 -0.268410
0.641713 0.416852
-0.583361 -0.475631
-0.864254 0.352519
-0.523240 -0.253578
-0.344890 -0.301004
-0.523667 0.560900
-0.603137 0.742058
-0.016388 0.545518
0.535813 0.323588
0.711722 0.934812
0.363872 0.386517
0.494613 -0.570910
-0.629505 -0.306192
-0.490219 -0.266396
0.441939 -0.170873
-0.315104 -0.803644
0.271889 0.588855
0.136814 0.936338
0.990173 -0.805475
-0.457686 0.849483
0.614978 -0.953124
0.369915 -0.258095
0.748466 0.900815
-0.887143 -0.447615
-0.214820 0.882687
-0.544176 -0.468795
-0.102206 0.286172
0.033540 -0.469283
0.361003 -0.073275
-0.705741 -0.834101
0.369854 -0.562914
0.757317 -0.207862
0.345866 -0.901730
0.102573 0.985961
-0.330424 0.393048
0.529649 0.217811
-0.224281 0.469283
-0.176000 -0.596240
0.549547 0.701651
0.961303 0.537584
-0.123508 0.816889
0.490524 0.468612
0.486312 -0.188818
0.749016 -0.252235
0.998169 0.820795
-0.582141 0.278298
0.435041 -0.488327
-0.135472 0.956725
-0.198157 0.563463
-0.828181 -0.346110
0.136570 0.507920
-0.196570 0.858211
-0.660634 0.801874
0.561876 -0.534349
0.525132 0.255531
0.335490 -0.460738
0.884396 0.857906
-0.662343 0.543199
-0.210791 -0.344096
-0.526292 -0.442549
0.228797 -0.999451
0.647633 -0.479415
-0.508957 0.759392
0.184851 -0.206275
-0.438215 -0.667592
0.958068 -0.876644
0.207434 0.972411
-0.716910 -0.771905
-0.527696 0.854488
-0.532579 -0.671377
0.278359 0.353679
-0.803461 0.386456
0.672109 0.295694
-0.832087 0.286050
0.925291 0.289651
-0.328166 -0.450301
-0.603137 0.283303
-0.033601 0.876034
-0.118503 0.675100
0.379009 0.139195
0.919187 -0.398785
0.990173 -0.185461
-0.217689 -0.327921
0.426130 0.532701
-0.418012 -0.721549
-0.439680 0.072359
0.416608 0.675466
0.276406 -0.381024
0.416791 -0.582873
0.928709 -0.986816
0.675527 -0.889279
-0.408368 -0.613514
-0.984558 0.239723
0.216041 0.702994
0.643178 0.925352
-0.003082 0.035920
-0.358867 -0.216468
0.241066 0.316202
-0.462630 0.207617
-0.423139 0.777093
0.708792 0.722037
0.524216 -0.358013
0.914792 0.983093
-0.598010 0.464095
-0.398297 -0.378399
-0.114475 0.616810
-0.739677 0.335551
-0.025422 0.837336
-0.527757 0.764031
0.433515 -0.597034
0.600513 -0.648793
-0.603259 0.560472
0.119480 -0.842891
0.838435 0.993408
-0.034516 0.666433
0.612903 -0.418683
-0.642689 -0.598010
-0.101413 0.545213
-0.633595 -0.404645
0.850642 -0.500229
0.250526 -0.159948
0.854854 0.386151
0.838862 -0.391827
-0.418256 -0.359783
-0.351176 -0.547960
-0.300821 0.275246
0.571703 -0.348247
-0.288797 0.170385
0.599231 0.927976
0.757744 0.252663
0.787408 -0.101169
-0.699210 0.499802
0.528489 -0.813532
0.342936 0.685232
-0.317850 0.317179
0.652821 -0.499374
0.460677 0.362468
-0.465560 -0.325480
0.169103 -0.979675
0.583056 -0.543870
-0.692129 -0.608020
-0.508896 0.747307
0.071322 -0.992126
-0.569384 -0.232643
0.321390 -0.360027
0.419843 -0.972900
-0.477950 0.803705
0.176794 -0.388653
-0.999817 0.125645
0.303201 0.232887
0.937803 0.567370
0.249001 -0.967772
0.813654 0.930540
0.263466 0.971618
-0.429060 0.751946
-0.198950 0.891964
-0.662038 0.606494
-0.528306 -0.695730
-0.397687 0.732902
-0.796197 0.446883
-0.796381 -0.647023
0.442610 0.419904
-0.651357 0.843867
-0.130772 0.746330
-0.890194 0.520981
0.485397 0.115452
-0.528367 -0.837764
0.121250 -0.077059
-0.443037 -0.572314
-0.275246 0.133030
0.691397 -0.323038
0.838313 0.479720
-0.624683 -0.724418
-0.336589 -0.379559
0.999512 0.898434
0.933897 -0.722526
0.482589 0.773675
-0.340434 0.654653
0.688650 -0.021577
0.189062 -0.116733
0.900632 0.507370
0.054048 -0.684133
-0.170385 0.755486
0.223365 -0.801996
-0.160802 0.786920
-0.368633 0.822748
0.103183 -0.247780
0.833613 -0.577319
0.203284 0.562487
-0.666982 0.489486
-0.032807 0.296304
0.177404 -0.606555
-0.761101 0.413312
0.349223 0.252846
0.247108 0.279031
0.741813 0.187719
-0.366619 0.393902
0.307169 0.748650
-0.587024 -0.224586
0.109043 0.524583
0.465682 -0.239967
0.206336 0.447371
0.650929 0.547777
0.749565 0.628040
0.598804 0.372600
-0.462691 0.308573
-0.528184 -0.751274
-0.480758 -0.737602
-0.328532 0.552416
0.837580 -0.615162
-0.117527 0.957518
0.421552 -0.803034
0.792535 -0.372417
0.199927 0.497848
-0.467635 0.664052
0.744255 -0.775933
0.231910 0.290017
0.815241 0.489364
0.235145 0.221473
0.246132 0.269631
-0.724479 0.543626
-0.744072 0.410993
-0.816584 0.367901
-0.796258 -0.589648
0.593799 0.255898
-0.760796 0.760857
0.369854 0.359294
0.510056 -0.957762
0.032929 -0.108188
0.638417 -0.141636
-0.467025 0.244667
0.340373 0.309977
0.634816 -0.181921
0.196692 -0.268227
-0.110019 0.854427
-0.294412 0.284646
-0.745659 -0.663076
-0.213355 -0.356731
0.680715 0.796258
0.163121 -0.342448
0.372723 0.904172
0.248085 -0.232948
0.906674 -0.146031
-0.370769 -0.607532
0.902707 -0.178808
0.942503 -0.436750
-0.026582 0.724357
-0.754631 0.425520
-0.027009 0.574206
-0.846797 -0.365459
0.029878 -0.563707
0.807672 -0.327738
0.917600 -0.819086
0.135533 0.436384
0.962401 -0.718986
-0.495468 -0.628346
-0.666005 0.543382
0.994934 -0.733818
0.791009 0.675222
-0.543748 0.758782
-0.293558 -0.531114
-0.410260 -0.375958
-0.506882 -0.468429
-0.528916 0.774529
0.784051 0.682180
-0.475387 -0.870296
0.474715 0.293802
0.727409 -0.043184
0.206641 -0.314127
-0.073824 0.127781
0.509812 -0.282510
0.142308 -0.020295
0.546800 -0.433454
-0.028108 0.884213
0.596850 -0.042390
0.939879 0.996216
0.480636 0.689749
0.499374 0.559313
0.923887 -0.829585
-0.315104 0.097140
-0.184118 0.196692
0.161840 -0.896298
-0.349834 -0.204260
-0.250710 0.582324
-0.268593 -0.762871
0.624989 -0.299783
0.428999 -0.122471
-0.875301 0.203528
0.196387 -0.149144
0.906186 -0.758660
0.888180 -0.740715
0.147191 -0.191565
-0.621021 0.342021
0.989135 0.079318
-0.191931 -0.525864
0.393597 0.444929
0.450056 0.665395
0.889340 0.922910
0.058931 -0.033967
-0.789727 -0.280496
-0.422224 0.310709
0.706839 -0.298929
0.311441 -0.624866
0.382000 0.929991
-0.384198 0.800226
-0.338237 0.125523
0.383221 0.533738
-0.290750 0.721061
-0.225257 0.428816
0.966124 -0.329142
-0.535875 -0.159154
0.853633 -0.906125
0.317789 -0.213172
0.884030 -0.922788
-0.450117 0.693350
-0.461165 -0.302042
0.787469 -0.482589
0.932249 -0.747246
0.466292 0.569201
0.975402 -0.965331
-0.511093 0.280984
-0.036164 0.551683
0.379681 -0.402875
0.243507 0.222633
0.575732 -0.457747
0.711966 0.460616
0.982788 0.525864
0.377850 -0.056734
-0.356670 0.588366
0.652699 -0.205969
-0.810175 -0.599780
0.775018 -0.502670
-0.777825 -0.513779
0.209815 -0.613025
-0.073763 0.156285
0.791314 -0.921995
0.664907 0.942564
-0.198462 0.204138
-0.150975 0.120701
0.335185 -0.896725
0.613147 -0.223487
0.922605 -0.194800
0.033784 -0.719291
-0.712027 0.045869
-0.496872 -0.245277
-0.845088 -0.565355
0.531663 0.200598
0.197424 0.640187
-0.140538 -0.408246
-0.039216 0.298074
-0.670522 -0.581835
-0.635609 0.192480
-0.400983 -0.297952
0.694937 0.546129
-0.241615 0.641652
0.557421 0.746147
0.835932 0.489242
-0.223975 0.653188
0.778924 0.219764
-0.794305 -0.451216
-0.255348 0.607898
0.389325 0.723502
0.784417 0.747978
-0.685537 0.455611
-0.587268 -0.835078
-0.835200 0.150487
-0.803278 -0.642506
-0.719779 0.477950
0.928343 0.464278
0.544603 -0.812006
0.416120 -0.952818
-0.688406 0.570238
0.799493 -0.828181
0.619007 -0.222022
-0.428083 0.363323
0.771172 -0.434492
0.551500 0.753899
0.541429 -0.514573
-0.496689 0.246376
0.095309 -0.175878
-0.414411 0.670644
0.333415 0.431806
-0.417341 0.303140
-0.807062 0.697928
0.357036 -0.424970
0.785943 -0.607715
-0.642933 -0.722526
0.164220 -0.160192
0.650258 -0.333781
0.451094 0.170934
0.810846 -0.463790
0.234657 -0.650746
0.568957 -0.675344
0.782525 0.963988
-0.838313 0.378826
-0.676931 0.334941
0.839167 0.766717
0.428205 0.730399
0.199622 0.504685
-0.118809 0.318339
0.379559 -0.061922
0.686575 0.729972
0.354717 0.930174
0.722709 -0.445723
-0.637135 0.249794
0.527879 0.104892
0.649648 -0.184484
-0.360210 -0.827326
-0.053743 0.189673
0.488510 -0.270180
0.576952 -0.596423
0.992676 -0.310343
-0.091220 0.423750
-0.268960 0.822199
0.838984 -0.646413
0.172643 0.593921
0.285073 -0.379437
-0.650136 0.835749
0.491440 -0.542711
-0.190588 0.772820
0.379376 -0.951903
0.593493 -0.255043
0.963805 0.759026
-0.481002 0.190893
0.475326 0.107639
-0.743156 0.565966
-0.569445 0.707327
0.950621 0.235267
-0.465804 -0.689383
-0.738884 0.090060
-0.225135 0.073397
-0.319071 0.524766
0.712210 -0.195654
0.590197 -0.464827
-0.125278 -0.513535
0.767937 -0.710135
-0.142613 -0.324137
0.837397 0.392560
0.377422 0.657094
0.696524 0.620045
0.995422 0.364360
0.538072 0.509262
-0.675771 -0.426191
-0.577136 -0.743339
-0.499863 -0.113376
0.675161 0.295694
0.926634 0.155919
0.577868 -0.833247
-0.234779 0.132298
-0.725578 0.413739
0.259865 0.544481
0.048433 -0.095920
0.717215 0.885067
-0.035615 0.489731
-0.778008 0.016205
-0.774468 -0.314982
-0.786676 0.612537
-0.087619 0.904965
0.588000 -0.088595
-0.637501 -0.755242
0.901608 0.240455
0.007111 -0.331339
-0.689688 0.314432
-0.777154 0.572314
-0.141697 -0.486618
0.466048 0.547411
-0.680532 0.638295
-0.432478 0.546861
-0.336711 0.297647
-0.598865 -0.559252
0.715323 -0.611927
-0.262612 -0.782830
0.175024 0.667409
-0.520066 0.462508
0.283425 -0.047212
0.398358 -0.802240
0.812983 -0.423261
0.311014 -0.136692
0.826594 0.393353
0.568041 -0.947020
0.834590 -0.043855
-0.339335 -0.692801
-0.113742 0.861812
-0.456709 0.077486
-0.322733 0.012848
0.769036 -0.634571
0.645436 -0.744926
0.773247 -0.537217
0.952391 -0.686514
-0.572497 0.226905
0.122410 -0.399213
0.497665 -0.168126
0.842097 0.613147
-0.016327 0.883358
-0.347636 -0.361187
-0.789178 0.321940
0.462081 0.811335
-0.258583 0.059725
0.350932 -0.195837
0.560411 0.722526
0.489547 -0.569811
0.956114 0.516648
0.993835 0.357280
0.840876 -0.014924
-0.851558 0.112522
-0.793756 0.523179
0.472457 -0.540147
0.291787 -0.147740
-0.757744 -0.237770
0.361187 0.848384
0.575182 -0.223304
-0.595264 -0.491928
-0.706473 0.019379
0.145054 0.488205
-0.118076 -0.481735
0.932127 -0.889706
0.168249 -0.386700
0.661733 -0.496078
0.788934 -0.821589
-0.571764 -0.508042
0.698294 0.681570
0.312967 0.525437
-0.239479 0.471297
0.991577 0.241188
0.908872 0.885067
0.757439 0.712088
-0.647023 0.427473
0.353008 0.646901
-0.598682 0.360515
0.710318 -0.612964
0.825312 0.575488
-0.550035 -0.859920
0.752373 0.633229
0.261391 -0.994934
0.611072 0.657216
-0.610462 0.663930
0.967528 -0.971252
0.542344 0.193396
0.269509 0.416669
-0.595874 -0.780511
0.960997 0.585131
-0.504379 -0.889523
0.658071 0.565294
-0.273904 0.595569
0.220923 -0.684988
0.139317 -0.167943
0.525071 0.307352
0.469893 -0.671072
-0.320780 0.310160
-0.608081 0.688711
0.120151 -0.031831
0.825922 0.750053
0.814386 -0.021088
0.233924 -0.223060
0.608325 -0.630848
0.634632 -0.976989
-0.695730 -0.383343
0.075716 -0.140721
-0.794794 -0.647511
-0.435347 -0.622181
-0.827692 -0.278237
-0.539232 -0.152318
0.564745 -0.246010
-0.197851 0.003937
0.964293 -0.246559
0.821711 -0.556200
0.996338 -0.889340
-0.250465 0.677236
0.305521 0.932920
-0.063265 0.134312
0.860836 -0.637257
0.864193 -0.105258
0.089816 -0.269997
0.632984 -0.402936
-0.283670 -0.579455
0.391278 0.747002
0.408185 0.145970
-0.761834 -0.505600
-0.235145 0.567064
0.482406 -0.936460
-0.294534 -0.809381
-0.506211 0.503830
-0.691275 0.011689
0.449812 0.358013
-0.471541 -0.743522
0.854793 -0.140782
-0.467757 0.839900
0.940611 -0.692312
0.112705 -0.973815
0.057283 -0.888424
-0.641041 -0.178014
0.172948 0.551073
0.439985 -0.088412
0.354717 -0.197790
0.945250 -0.107944
0.648366 -0.603809
0.352947 0.838496
-0.638661 -0.191565
0.752800 -0.029084
-0.930723 0.161290
-0.485397 -0.780755
0.300150 0.311869
0.815424 0.613758
-0.807855 0.468307
0.985534 -0.229835
-0.663259 0.476608
0.809626 0.712333
0.244789 -0.481796
-0.509934 -0.809076
-0.426923 0.686148
0.603504 -0.575488
0.401227 -0.966247
-0.403912 0.661550
-0.095431 0.857479
-0.685171 0.025849
0.219459 0.659902
0.946104 -0.095492
0.324870 -0.385052
0.879574 0.937559
0.394757 0.818171
0.253517 -0.835505
0.185583 -0.031709
-0.903867 0.180273
-0.144017 0.275674
-0.381146 -0.262551
0.993164 -0.767144
-0.554369 -0.874203
0.334147 0.460860
-0.587207 0.221717
-0.424482 -0.662099
0.573168 -0.570116
0.901181 -0.641469
0.602222 -0.226661
0.956664 -0.348979
0.297403 -0.321879
-0.545518 0.199927
0.660939 0.461653
0.149815 -0.031648
-0.292459 0.525193
-0.472396 0.454268
0.227210 -0.397687
0.725822 0.225867
-0.145482 0.102573
-0.817499 0.551073
0.325541 -0.027802
0.544908 -0.593066
-0.504135 -0.633290
0.028047 -0.387799
-0.727287 0.347087
-0.308817 0.206885
0.732963 0.754936
-0.299112 0.752800
0.754509 -0.623402
0.344279 0.153294
-0.548997 0.265603
-0.607898 0.469955
0.561022 -0.749809
0.925047 -0.432417
0.784722 -0.964537
-0.694876 0.083834
0.887020 -0.228858
0.831111 -0.540513
0.082247 -0.325907
0.670949 0.558214
0.753655 0.685659
0.717399 -0.490280
0.027558 -0.781915
-0.445967 0.599109
-0.799738 0.426435
0.200598 -0.112766
0.848506 -0.851924
-0.679373 0.265114
0.064364 -0.392193
-0.185705 0.515976
-0.646352 0.452132
-0.563097 -0.141942
-0.478439 -0.899045
-0.849300 0.557604
0.964782 -0.494919
-0.534959 -0.820185
0.414533 0.476852
0.791803 -0.666128
0.201514 -0.449263
0.121006 -0.038179
-0.047456 0.033845
-0.792474 -0.318949
0.005097 -0.262490
0.589404 0.389752
-0.581896 0.726554
0.552904 -0.474715
0.021210 -0.276772
0.582263 0.739494
0.571032 -0.659169
0.243995 0.316019
-0.725761 0.816950
0.043489 0.894162
-0.832942 -0.704520
-0.855708 0.610462
-0.555345 0.735160
-0.040620 0.405988
-0.853328 -0.496323
-0.152989 0.855892
0.225013 -0.067904
-0.720267 0.367168
0.161473 0.545213
-0.760979 0.598071
0.898129 -0.829585
-0.546373 -0.157750
-0.444136 -0.678457
-0.612781 0.236549
0.984985 -0.507981
-0.438887 0.339457
0.404828 0.528977
0.225135 -0.320414
-0.781732 -0.703726
0.500961 -0.599475
0.312601 -0.990661
0.404889 0.789178
0.908628 0.838374
0.977905 -0.367351
-0.636830 0.309671
-0.856136 0.403790
0.580432 0.341838
0.930357 -0.205298
-0.716788 -0.553148
-0.155858 -0.340251
0.176122 -0.274514
0.882199 -0.426984
-0.828181 0.683340
-0.872555 -0.372967
0.499374 0.827570
0.879147 -0.498459
-0.098666 0.327799
0.767632 -0.539476
-0.498825 0.784417
0.804376 -0.904172
0.178747 -0.955199
0.429792 0.420148
0.602832 -0.257912
0.928587 0.927488
-0.779229 0.780633
0.596240 0.953185
0.539964 0.322367
-0.670644 -0.721305
0.300089 0.939024
-0.780084 0.037873
0.354167 -0.925169
0.562731 -0.439070
0.961913 0.407575
0.005097 -0.355571
-0.325602 0.618580
0.670095 0.511826
0.475204 -0.954588
-0.496750 -0.752251
0.463546 0.381756
-0.692862 0.068636
-0.113865 -0.487350
0.902219 -0.935057
0.875790 -0.045503
-0.322184 0.683828
0.131382 -0.064119
0.982604 -0.816584
0.677236 0.195898
-0.009613 0.798883
0.514634 -0.629872
0.563524 0.903134
-0.559923 -0.713248
0.351848 0.797174
0.981933 0.329264
0.295694 0.683401
0.991516 0.351299
0.367534 -0.066744
-0.623951 -0.325724
0.776299 -0.384564
0.456038 0.697073
-0.380718 -0.552721
0.228980 -0.170507
0.037873 0.869137
0.242286 -0.820429
0.323954 0.622852
0.001373 -0.451704
-0.199194 0.496994
0.421918 0.203894
0.815790 0.502731
-0.773186 0.436323
-0.780755 0.402142
0.337138 -0.598621
0.077853 -0.330973
0.263161 -0.195593
-0.859188 0.557543
0.004242 -0.419965
0.402142 0.486129
-0.250832 -0.681021
-0.405866 -0.240822
0.871029 -0.223060
0.684744 -0.611255
-0.247902 0.397870
0.829829 -0.554491
-0.249916 0.053072
0.287271 -0.517075
0.880917 -0.157506
0.884579 -0.076083
-0.446272 0.890744
0.952452 -0.332926
0.630909 0.604724
0.672109 -0.327006
0.930113 -0.193823
0.335063 -0.263894
0.215674 -0.036042
-0.039705 0.917356
0.734794 -0.992615
-0.783074 0.186743
-0.303140 0.394330
0.144993 -0.221473
0.871700 -0.111789
0.145970 -0.669424
-0.476180 -0.377300
-0.702628 -0.569750
0.674978 -0.878903
0.496872 -0.259682
0.834895 -0.413068
-0.325175 0.565966
0.502487 -0.555162
-0.638966 0.403119
-0.399030 0.656362
-0.668203 0.444685
-0.364299 -0.777581
-0.090609 0.374187
-0.074129 0.075655
0.673391 -0.888485
-0.594897 -0.500351
0.257912 -0.278115
0.252663 0.619861
0.324625 0.516404
-0.547166 0.849483
0.232276 0.792779
-0.408307 -0.750359
0.360759 -0.231605
0.779595 0.839290
0.553758 0.473861
0.069246 -0.803461
-0.095126 0.901852
-0.645497 -0.259865
-0.770135 0.683828
0.217566 -0.711905
-0.646474 -0.131382
-0.196570 0.920652
-0.363689 0.602527
0.632496 0.488693
0.664113 0.203284
-0.695853 0.303995
-0.756645 -0.444929
-0.550890 0.286294
0.615467 -0.309061
0.569445 -0.796625
-0.693106 0.443892
-0.050203 0.472213
-0.400739 -0.355632
0.996033 0.395184
0.062532 -0.053621
-0.048433 0.311075
-0.863765 0.483200
-0.619678 0.800775
-0.139683 -0.501083
-0.452437 -0.386151
0.134373 -0.650746
-0.082980 0.862300
0.908872 -0.187231
-0.537461 0.591479
-0.361064 0.395856
0.954344 -0.984191
-0.642018 0.567797
-0.335551 -0.523362
0.523423 -0.184729
-0.496017 0.684011
0.372845 -0.099521
-0.651173 0.071322
0.008271 -0.475326
0.470199 0.715079
0.914792 -0.057344
0.927854 0.310160
-0.626087 -0.524339
0.478500 -0.703848
0.373089 0.515732
0.456282 0.422468
-0.853145 0.670583
0.594653 0.257057
0.920408 -0.624439
0.561754 0.917600
0.796136 -0.370525
-0.006439 0.184484
0.719291 0.354961
-0.846553 -0.330668
0.137181 0.438765
0.896176 0.690054
0.020234 -0.729667
0.386029 -0.602771
0.412824 0.651234
0.445418 0.340983
0.450362 0.188574
0.984741 -0.486007
-0.492599 0.760186
0.414777 -0.812067
0.869564 0.785272
-0.468612 -0.235511
0.205603 -0.796258
-0.229347 0.120884
-0.485031 0.171789
0.126499 -0.134129
0.434065 -0.782342
-0.419233 0.436934
-0.689566 0.279763
0.237342 0.263649
-0.122532 0.907773
0.344829 -0.897763
0.806146 0.578845
0.462447 0.862239
-0.554552 0.427717
0.181616 -0.323710
0.337931 0.932066
0.925047 -0.843013
-0.590930 0.743461
0.416181 -0.557787
-0.539354 -0.260170
0.282449 -0.330058
0.922422 0.610523
0.176672 -0.743767
0.635304 0.651967
-0.594958 -0.530747
-0.434797 0.341716
0.260292 -0.872738
-0.040925 0.888180
0.280496 -0.018220
-0.968139 0.119724
-0.787591 -0.263100
0.976928 0.243507
-0.647877 0.445051
0.220557 0.778985
0.909421 -0.804376
0.116855 -0.997620
-0.146947 0.130161
-0.018036 0.343730
-0.501205 0.393597
-0.458541 -0.144505
-0.117283 0.729972
0.150426 -0.585925
0.513596 0.702445
0.593127 0.231910
-0.665029 -0.296854
0.638844 0.171606
0.606006 -0.496445
-0.083041 0.847591
0.996033 -0.347880
0.298624 0.923032
0.810114 -0.797479
-0.703482 0.374065
0.658254 0.716971
0.004913 0.936277
0.439070 -0.216041
-0.469832 -0.646352
0.733818 -0.864376
0.919431 -0.331950
0.875118 0.519700
-0.216712 -0.470687
0.756706 0.281167
0.468612 0.661367
-0.019135 0.564440
-0.680044 0.502609
0.768914 -0.057161
-0.085055 0.186438
-0.454451 0.016694
0.103916 -0.741752
0.629749 -0.059114
0.591357 0.963927
0.517991 0.938169
0.237770 -0.237770
-0.374248 0.214881
0.193579 0.564562
0.595080 0.959105
0.015717 -0.856990
0.111911 -0.026154
0.635365 0.434614
0.229835 0.475143
0.250099 -0.285012
0.498215 -0.808039
0.710623 0.228309
0.455672 0.469466
-0.679006 0.569018
0.811640 -0.702200
-0.582263 0.841426
-0.293985 -0.743156
0.265969 -0.377483
0.462020 0.189306
0.955382 0.036653
0.639393 -0.511887
0.354839 -0.175451
0.708304 0.606555
0.520981 -0.201697
-0.612171 0.431196
-0.594409 0.841792
0.163793 -0.974670
-0.460860 -0.535447
0.910581 0.507370
0.996826 0.965392
-0.231910 -0.373150
0.666128 -0.509140
-0.637074 -0.173559
-0.488510 -0.196448
0.888852 0.896115
-0.160009 -0.480575
0.413495 -0.727531
0.683828 -0.068758
0.827570 -0.347026
-0.025483 0.192114
0.803888 0.921201
0.728446 0.767815
0.212256 -0.868709
0.136082 -0.353008
-0.587817 -0.348186
-0.156652 0.350688
0.381390 0.232276
0.456648 0.507370
-0.734794 0.030488
0.237831 -0.655873
0.746941 -0.683035
-0.606311 0.219642
-0.200354 -0.657582
e
-0.406110 -0.908261
-0.103122 -0.627552
0.053621 0.131260
0.289041 0.851680
-0.989746 0.714164
-0.334452 0.971191
-0.298502 -0.957579
0.812555 0.030061
0.012665 0.832820
-0.865047 -0.082186
-0.996460 -0.250771
-0.043306 -0.923276
0.069674 -0.506821
0.125767 0.892087
-0.387249 -0.013459
-0.883724 0.829951
-0.046602 -0.718192
0.862178 0.165624
-0.740410 0.973144
-0.998535 -0.643239
0.064241 0.026948
0.024323 0.679250
-0.952818 0.336344
0.065523 -0.413984
-0.915647 -0.191259
0.845210 -0.259316
0.722648 -0.829340
0.020966 0.687613
-0.999756 -0.454939
-0.076388 0.975036
0.259987 0.825434
-0.893979 0.693472
-0.957701 -0.079012
-0.478011 -0.010163
-0.822138 -0.803949
0.730277 0.134861
0.573840 0.866695
-0.768120 0.804804
-0.718925 0.189611
-0.180944 -0.124424
-0.709647 0.907895
0.029572 0.496689
-0.466659 -0.111484
-0.276162 -0.870296
-0.378399 -0.035493
-0.501267 0.984008
-0.914060 0.889706
-0.893735 0.335795
0.618030 0.097079
0.148412 0.219764
-0.813044 -0.889035
-0.837031 -0.059053
-0.100925 -0.545396
-0.265908 -0.882809
-0.048067 -0.418500
-0.881893 -0.222816
-0.082858 -0.518662
0.639821 0.017243
0.081576 -0.377544
-0.961547 -0.790948
-0.264626 -0.036775
0.803156 0.093966
-0.337809 0.940733
-0.027863 -0.872188
-0.430891 -0.953185
-0.039949 -0.166295
-0.165319 -0.985046
-0.880917 0.988647
-0.667348 0.168798
0.051180 0.678640
0.011750 0.375713
-0.730827 0.994507
-0.697989 0.172277
-0.084933 -0.147984
-0.896176 -0.341166
-0.908811 0.467147
-0.782159 -0.931394
0.326090 0.038545
0.000763 0.679617
0.636158 0.064364
0.244606 0.866085
0.426862 0.069308
-0.797174 0.985412
0.439619 0.057588
0.872127 0.209387
0.147801 0.712149
0.082186 -0.487533
0.265114 0.113926
-0.112217 -0.661855
-0.075900 -0.839961
0.177831 0.308206
-0.958251 0.594226
-0.850826 0.874325
0.061983 -0.501450
0.268410 -0.771599
0.837092 0.195532
-0.733757 -0.965636
-0.904477 -0.607776
0.267129 0.041597
0.812067 0.203894
0.069369 0.082064
-0.213721 -0.143345
0.138646 0.020966
-0.962340 0.523972
-0.061861 -0.393231
-0.852901 -0.275369
0.053926 0.373882
-0.144139 -0.643300
-0.099460 -0.806452
-0.940245 0.914426
0.175207 0.850520
-0.653615 -0.987487
0.892636 0.051485
-0.069430 -0.696646
-0.889035 0.330912
-0.120273 0.470382
-0.350566 -0.930967
0.201392 0.898129
-0.956725 0.874020
-0.528855 0.961608
0.699454 0.804071
-0.981445 0.037019
-0.948790 0.291360
-0.237037 -0.879757
0.129002 0.651906
-0.035493 -0.911618
0.224769 0.149144
-0.991516 -0.517930
-0.952513 -0.253029
-0.811823 0.813959
0.172826 0.865596
-0.731193 -0.039949
-0.994812 -0.465072
0.795343 0.217505
0.050203 0.032197
-0.112705 -0.660756
0.654714 0.841365
-0.017365 -0.613269
-0.916746 -0.625172
-0.389630 -0.111301
0.502731 -0.844661
0.272134 0.167699
-0.891598 -0.849788
-0.799066 -0.072298
-0.907041 0.767937
-0.009064 -0.372112
-0.644704 0.942991
-0.632252 -0.906369
0.063875 0.832331
0.043916 0.420881
-0.010102 -0.878475
0.691885 0.810724
-0.105075 -0.072848
-0.765313 -0.148534
-0.390667 0.932737
-0.455611 0.963805
-0.095737 -0.856929
-0.063326 -0.804682
0.181127 0.168249
0.731254 0.076266
-0.112827 -0.370769
-0.953124 -0.398968
-0.432295 -0.976928
-0.067782 -0.509629
-0.020234 -0.249550
0.363201 0.037568
-0.353191 0.964721
0.362102 -0.851741
-0.924070 -0.844417
0.368755 0.083529
-0.167760 -0.692984
0.070650 0.834712
0.682119 0.095798
-0.953429 0.911740
-0.765069 0.968566
-0.044893 -0.169103
-0.894345 0.678518
-0.063509 -0.641346
0.238868 -0.796136
-0.994629 -0.625904
-0.061861 -0.190832
-0.300943 -0.158666
-0.921812 -0.837519
-0.873470 0.974731
0.106052 -0.383160
0.943602 0.019929
0.092624 0.388531
-0.907468 -0.192724
-0.905271 -0.948119
-0.970214 0.872738
0.453963 0.053743
-0.973144 0.288675
-0.074374 -0.724052
-0.750481 -0.878109
0.488876 0.896115
-0.648427 -0.993957
-0.003449 -0.128758
-0.790704 -0.030427
-0.190100 -0.671133
0.549791 0.009186
-0.106418 -0.581286
-0.213294 -0.825556
-0.398297 -0.894406
-0.066744 -0.078463
0.025056 0.283364
0.456648 0.071444
-0.664663 0.865413
-0.104587 -0.027070
0.894101 0.525193
0.088290 -0.480331
-0.925474 -0.293435
-0.793207 -0.847591
0.696280 -0.846431
-0.883847 0.890500
-0.999268 -0.593066
0.071627 -0.546190
0.256325 0.095614
-0.872250 -0.194555
-0.963012 -0.976135
0.847468 0.020112
0.016083 0.368816
-0.353191 -0.125095
0.226417 -0.759758
0.109775 0.198462
-0.637623 -0.916623
-0.860836 0.982910
-0.891964 -0.416791
-0.887204 0.243080
-0.973327 0.961364
0.515427 0.869747
-0.006684 -0.668386
0.851802 0.009796
-0.942442 -0.925108
-0.846919 -0.213965
-0.916746 0.006989
0.804010 0.745842
-0.277017 -0.848262
0.073336 0.333110
0.867061 0.639576
0.040925 0.823603
-0.161412 0.516953
-0.689871 0.969726
0.029450 0.561876
-0.141453 -0.084689
-0.971435 0.903378
-0.446028 -0.963500
0.051851 0.562181
0.680471 -0.110813
-0.665212 -0.080660
-0.169652 0.652455
-0.335795 -0.032502
-0.929563 0.509384
0.218848 0.164098
-0.133518 -0.256569
0.314188 -0.827326
-0.187231 -0.884640
-0.118686 -0.352641
-0.007721 -0.102634
0.811945 0.142613
-0.909726 -0.193884
-0.883297 0.748039
-0.802728 -0.091586
-0.087924 -0.248512
-0.016449 -0.368267
-0.799738 -0.130467
-0.922422 0.888668
-0.017304 0.999512
-0.173009 -0.236000
-0.144078 0.664602
-0.634144 -0.964660
-0.965026 0.627125
-0.977477 -0.273293
-0.975402 0.316935
-0.212195 0.193335
0.071017 -0.392621
-0.626148 -0.991516
0.085055 0.363445
0.862972 -0.319498
0.804010 -0.156590
-0.998108 0.713065
0.864925 0.167272
-0.911802 -0.113559
0.200110 0.810053
0.773309 -0.786065
-0.274392 -0.117222
0.074129 0.896847
0.091830 -0.420209
-0.255776 0.842402
0.655263 -0.838252
-0.006195 -0.121921
0.069308 -0.543382
-0.617176 -0.890622
-0.922605 0.304605
-0.858272 -0.189123
0.076937 0.190954
-0.186071 0.745170
0.014191 0.227638
-0.038057 -0.781121
0.297830 0.004730
-0.072909 -0.287027
-0.594043 0.152623
-0.710074 0.863338
-0.997864 -0.805963
-0.799677 0.220069
-0.048006 -0.294778
-0.655385 -0.073275
-0.941893 -0.481429
-0.848079 0.811213
-0.083712 -0.583056
0.121067 0.153539
-0.715140 -0.975402
-0.149815 -0.955382
-0.991638 0.963500
0.632252 0.022248
-0.244606 -0.129917
-0.075350 -0.068758
-0.867061 -0.038972
-0.379192 -0.032502
-0.105930 -0.744316
-0.960326 -0.591784
-0.033052 -0.652455
0.092441 0.298318
0.062349 -0.580004
0.026093 0.330180
0.032868 0.572069
0.065950 0.065523
-0.069918 -0.561876
-0.843440 0.745598
0.610950 0.049043
-0.967833 -0.067232
0.149510 -0.267373
0.536119 0.035554
-0.833247 -0.250465
-0.882076 -0.697684
-0.177709 -0.998779
-0.339396 -0.975768
-0.910154 0.781854
-0.906735 -0.611438
0.793512 -0.211402
-0.894955 0.268593
-0.619068 0.984558
-0.021699 -0.898618
0.847285 0.272011
0.801263 0.224830
-0.145665 0.448042
0.694998 -0.825983
-0.894711 -0.663137
0.847591 0.201147
-0.704825 0.844478
-0.995911 -0.554430
0.208594 0.877438
0.201147 0.115024
0.069674 -0.596484
-0.178930 0.238075
0.092929 0.831965
-0.002411 -0.277932
-0.084201 -0.480331
-0.708853 0.972289
-0.641591 0.975219
-0.868770 0.735405
-0.176916 -0.034272
-0.222694 -0.869381
-0.125401 -0.984191
0.231117 0.128819
-0.533738 0.955992
-0.581286 -0.057161
0.329875 -0.804804
0.095309 -0.394330
0.094577 0.537400
-0.693899 -0.850337
-0.083895 -0.607532
-0.942930 -0.570116
-0.621021 -0.095431
-0.143895 -0.845576
0.507675 0.050142
-0.583544 0.916257
0.111667 -0.682485
-0.068331 -0.488327
-0.136143 0.352031
0.307657 0.080294
0.630970 0.034700
-0.282022 -0.098422
0.695730 -0.830195
0.136265 -0.697195
-0.643422 0.164586
0.855098 0.283792
-0.882382 -0.983581
0.403241 -0.860714
-0.875546 -0.906796
0.064364 0.291299
-0.948424 -0.061617
-0.019074 -0.603870
0.130711 0.137059
-0.061495 -0.310282
0.292398 0.866634
-0.197668 -0.760430
-0.935789 -0.647755
0.003204 0.059969
0.201331 0.093234
-0.720450 -0.153417
0.073641 0.898190
-0.911008 -0.245705
-0.809931 -0.818110
-0.038301 -0.342936
0.693167 0.114231
-0.101169 -0.987732
-0.123325 -0.191565
-0.564745 -0.038728
-0.168493 -0.027009
0.241615 0.005097
-0.680593 0.865963
-0.600269 -0.917722
-0.083651 -0.677480
0.866512 0.653188
-0.226356 0.204627
0.763970 -0.192358
-0.124668 0.598987
-0.897275 -0.390362
0.234718 0.177892
0.187963 0.276894
-0.437056 -0.903073
0.166356 0.836970
0.701285 0.827143
0.155919 -0.292398
0.686209 0.047212
-0.993835 0.278665
0.017975 0.584521
0.727042 0.079501
0.363689 0.085238
-0.930723 -0.489914
-0.813288 -0.160253
0.954405 0.021455
-0.783074 0.956236
-0.118686 -0.834101
0.731376 -0.823908
-0.886959 0.266335
-0.696219 0.169469
-0.069002 -0.016266
0.165441 0.745170
-0.857540 0.834101
0.851619 0.149266
-0.913877 0.248451
0.118137 0.823847
-0.874020 -0.710074
-0.579455 -0.895566
-0.972411 -0.684500
0.600635 0.082064
0.879086 -0.348857
-0.974181 0.913327
-0.151830 -0.179785
0.510361 -0.015778
0.674856 0.126499
0.072359 0.828608
0.056673 0.593005
-0.957762 -0.357158
0.182958 -0.220008
0.937376 0.032075
-0.467513 0.901242
0.074923 0.699393
-0.093478 -0.046297
0.105014 0.274270
0.863948 0.261269
-0.789727 0.866146
0.523240 -0.013764
-0.033479 -0.924986
-0.584277 -0.051790
-0.961669 0.476852
-0.177709 0.260109
-0.959655 0.412641
0.118992 0.674673
0.004852 0.717215
-0.252052 -0.943724
-0.377850 -0.999512
-0.634693 0.983764
0.902829 -0.446150
-0.583483 0.953124
0.428022 0.100253
0.241066 -0.761040
-0.854610 0.713553
0.089999 -0.514634
-0.366558 0.933409
0.069613 -0.513169
-0.010712 0.921323
-0.794916 -0.954161
-0.387494 0.911313
-0.445845 0.958739
-0.712027 -0.015595
0.380596 -0.824213
0.409467 0.048738
0.569994 0.036592
0.627125 0.055635
-0.692495 -0.866756
-0.304483 0.882565
-0.972167 -0.589160
-0.937254 -0.749687
0.361919 -0.851375
0.044160 0.054170
0.091281 0.862789
-0.908750 0.783074
-0.393658 0.898373
0.431990 -0.867367
0.423811 0.042085
-0.540819 0.975829
-0.179418 -0.210425
-0.960021 -0.765007
0.586230 0.109043
-0.661794 -0.007599
-0.105014 -0.281533
0.483688 0.011078
-0.879818 0.332987
-0.136631 -0.634327
0.291177 0.099399
-0.916990 -0.828242
0.154088 0.241493
-0.933775 0.932737
0.084933 0.574145
-0.259255 0.861568
-0.862239 -0.855342
0.215796 0.052034
-0.099582 -0.968200
-0.866573 -0.017548
0.204566 0.885006
-0.488449 0.940062
-0.342204 -0.952025
0.064608 0.326640
-0.083224 -0.631947
-0.944029 -0.427046
0.491806 0.079318
0.114414 0.029023
0.846065 -0.256142
-0.177526 0.239723
-0.194250 -0.991333
-0.068880 -0.910520
0.241310 0.016449
-0.191870 -0.970397
0.140355 0.315165
-0.969359 0.643605
-0.904599 0.300211
0.846980 0.252113
0.066927 0.219214
-0.880734 -0.943236
-0.958556 0.265664
-0.932554 -0.896420
-0.185888 0.239479
-0.823969 0.228553
0.685049 0.084872
0.288369 0.050264
-0.700186 -0.883114
-0.748527 -0.919431
-0.328654 -0.884091
-0.959838 -0.138035
-0.471908 -0.995666
-0.536607 0.928587
-0.926389 0.959655
-0.117161 0.415693
0.191565 0.901608
0.552110 -0.861812
-0.962340 -0.315714
-0.523118 -0.090121
-0.496323 -0.075594
0.088839 0.231910
0.881954 -0.365825
0.536119 0.063265
-0.719657 -0.090854
0.650319 0.022614
0.058992 -0.492477
-0.157994 -0.154515
-0.111911 -0.066744
e
