-0.100497 0.715262 4
 -0.364544 0.727165 2
 0.894650 -0.963012 4
 -0.406110 -0.908261 3
 -0.765984 -0.783502 1
 -0.350444 -0.861507 1
 0.038301 0.984558 3
 -0.103122 -0.627552 3
 0.820795 -0.778008 4
 0.053621 0.131260 3
 0.438398 0.857479 3
 0.289041 0.851680 3
 -0.094333 0.173864 4
 0.258583 0.714591 1
 -0.989746 0.714164 4
 0.783563 -0.643056 2
 -0.334452 0.971191 4
 -0.387677 -0.662770 1
 -0.059786 0.050630 3
 -0.298502 -0.957579 3
 -0.299722 0.494003 2
 -0.546007 -0.276101 1
 -0.197668 0.449141 2
 -0.648549 -0.650380 1
 -0.224952 0.376385 2
 0.418989 0.960631 3
 -0.074007 0.476547 4
 0.959288 0.218177 3
 0.812555 0.030061 1
 0.993530 -0.169164 4
 0.012665 0.832820 3
 0.847591 -0.452986 2
 -0.865047 -0.082186 3
 -0.680776 -0.598254 3
 -0.996460 -0.250771 4
 -0.134190 0.905271 4
 -0.043306 -0.923276 3
 0.248146 -0.140233 4
 -0.803644 0.637257 2
 0.069674 -0.506821 4
 0.125767 0.892087 3
 -0.353008 -0.403424 1
 -0.387249 -0.013459 3
 0.650746 0.353008 1
 0.116611 -0.879940 4
 -0.047761 0.545213 4
 0.615528 -0.486435 2
 -0.883724 0.829951 4
 -0.727897 0.162084 4
 0.974548 -0.234169 4
 -0.224464 0.560167 2
 -0.280923 -0.716910 3
 0.295755 -0.412580 2
 -0.046602 -0.718192 3
 0.989319 0.741752 1
 -0.863155 0.046663 1
 0.993591 0.907285 4
 0.862178 0.165624 4
 0.845882 0.845820 3
 -0.598010 0.640309 2
 -0.733207 0.597705 2
 0.962462 0.874630 3
 0.243995 -0.019440 4
 0.081454 -0.769463 4
 -0.646168 -0.626576 1
 0.608875 -0.162816 2
 -0.740410 0.973144 4
 -0.293802 0.341594 2
 -0.677664 -0.288919 1
 0.303629 0.288553 1
 -0.737236 0.017914 4
 0.451033 0.816340 1
 -0.188452 -0.377300 1
 -0.998535 -0.643239 3
 0.284951 0.575488 1
 0.064241 0.026948 3
 0.024323 0.679250 3
 -0.335734 -0.601245 1
 -0.364055 -0.479598 1
 -0.952818 0.336344 4
 0.969543 0.283792 3
 0.065523 -0.413984 4
 -0.228248 -0.459700 2
 -0.915647 -0.191259 3
 -0.045869 0.195227 4
 0.845210 -0.259316 2
 -0.589160 -0.216285 1
 0.722648 -0.829340 2
 0.325297 -0.698416 2
 0.814508 0.421491 1
 -0.097873 0.758965 4
 0.300882 -0.977905 1
 0.462813 0.643544 1
 -0.489669 -0.740287 1
 0.841731 -0.517747 2
 0.130345 -0.702872 4
 0.020966 0.687613 3
 -0.999756 -0.454939 3
 0.940245 0.876522 3
 -0.076388 0.975036 4
 -0.579089 0.849971 2
 0.937071 -0.938475 4
 0.139988 -0.580554 2
 -0.525498 0.041047 4
 0.593005 -0.730461 2
 0.863155 -0.826350 4
 0.982238 -0.957823 4
 0.588183 -0.302286 2
 0.968566 0.831843 1
 -0.234230 0.162084 4
 -0.775994 -0.722343 1
 0.259987 0.825434 3
 0.722526 -0.558275 2
 0.881466 0.809565 3
 -0.293924 -0.340983 2
 -0.893979 0.693472 4
 -0.734733 0.547777 2
 -0.249489 0.237098 2
 -0.530747 0.368084 2
 -0.957701 -0.079012 3
 0.985168 -0.085177 4
 -0.478011 -0.010163 3
 0.122227 -0.866207 4
 0.214515 -0.312052 2
 0.240272 0.647938 1
 -0.491745 0.372845 2
 -0.541795 0.380779 2
 -0.822138 -0.803949 3
 -0.398968 0.465743 2
 0.989746 -0.962889 4
 0.322733 0.627491 1
 0.326640 -0.620411 2
 -0.657826 -0.776238 2
 0.269509 -0.184423 2
 0.730277 0.134861 3
 0.573840 0.866695 1
 0.184912 0.688040 1
 0.978027 -0.191076 4
 -0.768120 0.804804 4
 -0.718925 0.189611 2
 -0.710807 0.558275 2
 -0.372112 0.721732 2
 -0.468001 0.328288 2
 -0.561876 0.246437 2
 -0.504074 0.741508 2
 0.418439 0.448103 1
 0.355998 0.584277 1
 0.092624 -0.988464 3
 -0.180944 -0.124424 3
 -0.709647 0.907895 2
 0.567003 0.287759 1
 0.029572 0.496689 3
 -0.812128 0.102390 4
 -0.769280 0.132481 1
 -0.466659 -0.111484 1
 0.701468 -0.038057 1
 -0.560961 0.091464 4
 0.827326 0.600757 1
 0.745842 0.719169 1
 0.407575 -0.623585 2
 -0.440962 0.313395 2
 0.073214 -0.174902 4
 0.684378 0.394024 3
 -0.276162 -0.870296 4
 -0.824030 0.563158 2
 -0.577929 -0.812738 1
 0.936033 0.457137 3
 0.182470 -0.007721 3
 -0.697806 -0.266457 1
 0.092257 -0.975707 4
 -0.438643 0.281106 2
 0.201697 -0.673330 2
 0.326151 -0.160985 2
 -0.378399 -0.035493 3
 -0.287698 -0.784845 1
 0.265358 -0.451460 2
 -0.745354 0.288430 2
 0.672475 0.513474 1
 -0.501267 0.984008 4
 -0.647328 0.837275 2
 0.205359 0.409040 3
 -0.914060 0.889706 4
 -0.893735 0.335795 4
 0.618030 0.097079 3
 0.148412 0.219764 3
 -0.813044 -0.889035 3
 -0.837031 -0.059053 3
 0.320353 0.168310 1
 -0.100925 -0.545396 3
 0.338542 -0.669912 2
 0.356792 -0.459639 1
 0.003082 -0.712455 4
 0.359783 0.835994 1
 0.746941 0.420759 1
 0.302591 -0.656056 2
 -0.076083 0.799554 4
 0.012177 -0.401654 4
 0.515976 0.813410 1
 -0.340495 -0.320841 1
 -0.265908 -0.882809 3
 -0.340373 -0.738334 1
 -0.048067 -0.418500 3
 -0.501999 0.889157 2
 0.408490 -0.066622 4
 0.419172 -0.345439 2
 -0.881893 -0.222816 3
 -0.082858 -0.518662 3
 -0.574938 0.681021 1
 0.963622 -0.812006 1
 0.639821 0.017243 3
 -0.088229 0.526231 4
 -0.805170 -0.755303 1
 0.013947 -0.621326 1
 -0.241615 0.319254 2
 0.489608 0.305094 1
 0.741203 0.921445 3
 0.081576 -0.377544 4
 -0.363384 0.187231 2
 -0.961547 -0.790948 3
 0.629688 -0.368755 2
 0.460128 0.217750 2
 -0.086886 0.947752 4
 0.943663 0.887326 3
 -0.851985 -0.621326 1
 -0.531968 -0.361064 1
 0.506882 0.335734 1
 0.454695 -0.354595 2
 -0.264626 -0.036775 3
 -0.059359 0.060091 4
 0.672170 -0.669362 2
 0.803156 0.093966 3
 -0.337809 0.940733 4
 -0.027863 -0.872188 3
 -0.696890 -0.757805 1
 -0.430891 -0.953185 3
 -0.039949 -0.166295 3
 0.908139 -0.014557 4
 0.488510 -0.953673 4
 -0.701041 -0.330180 1
 0.601062 0.593005 1
 0.587512 -0.454268 2
 0.316385 0.971313 3
 -0.627674 -0.121128 1
 0.927793 0.308206 3
 -0.165319 -0.985046 3
 0.928648 0.333354 3
 -0.880917 0.988647 4
 -0.667348 0.168798 2
 0.202124 0.665944 1
 -0.174108 -0.377178 1
 0.187048 0.610889 1
 0.188147 0.675039 1
 0.962035 0.861446 3
 0.422040 0.840205 1
 0.158544 -0.196997 3
 0.025910 -0.901120 4
 -0.651234 -0.672170 1
 -0.150853 0.081759 4
 -0.581957 0.466292 2
 0.966857 -0.804926 4
 0.051180 0.678640 3
 0.011750 0.375713 3
 -0.730827 0.994507 2
 -0.599536 -0.838191 1
 -0.045442 0.187475 4
 -0.108066 0.768181 4
 -0.697989 0.172277 2
 -0.084933 -0.147984 3
 0.132908 -0.188025 4
 -0.896176 -0.341166 3
 0.010102 -0.676504 4
 0.476791 -0.766228 2
 -0.908811 0.467147 4
 0.698355 0.387310 1
 0.657826 0.709952 1
 0.859920 -0.898068 4
 -0.742546 0.548448 2
 -0.782159 -0.931394 3
 0.397320 0.179418 1
 0.326090 0.038545 3
 0.725028 0.705618 1
 0.000763 0.679617 3
 0.636158 0.064364 3
 0.554308 0.623890 1
 0.244606 0.866085 3
 -0.263527 -0.605701 1
 0.653981 0.330424 1
 -0.179601 0.897580 2
 -0.533311 -0.491928 1
 0.269875 -0.829463 4
 0.469955 -0.025483 4
 0.426862 0.069308 3
 0.433638 -0.815546 2
 -0.344157 0.585376 2
 0.960082 0.673757 3
 -0.617542 0.479965 2
 0.321635 0.296060 1
 0.464461 -0.078951 4
 -0.775933 0.683279 2
 0.332011 -0.187597 2
 -0.566698 -0.885189 1
 -0.664846 0.501328 4
 -0.797174 0.985412 4
 0.735954 -0.447432 2
 0.439619 0.057588 3
 -0.218177 0.276894 2
 -0.454512 -0.312662 1
 0.299966 -0.299844 2
 0.872127 0.209387 3
 0.247169 -0.338176 2
 0.726493 0.670339 1
 0.655080 -0.270180 2
 0.865047 0.097018 3
 -0.592517 -0.380902 1
 -0.586962 0.487472 2
 0.286782 -0.198035 2
 0.147801 0.712149 3
 0.727592 -0.003204 4
 0.082186 -0.487533 4
 0.715079 0.223792 1
 0.286782 0.785150 1
 0.265114 0.113926 3
 -0.112217 -0.661855 3
 -0.075900 -0.839961 3
 0.177831 0.308206 1
 -0.274392 -0.403668 1
 0.778130 0.424604 1
 -0.958251 0.594226 4
 0.788324 0.309122 1
 0.766839 -0.537339 2
 0.862728 -0.002106 4
 0.269570 0.539293 1
 -0.850826 0.874325 4
 0.553697 -0.539537 2
 -0.970397 0.198401 4
 0.061983 -0.501450 4
 -0.402448 -0.577441 1
 0.562914 -0.348125 2
 0.812799 0.479171 1
 -0.443464 -0.822993 1
 0.268410 -0.771599 1
 0.637623 0.249672 1
 -0.491012 0.254433 2
 0.253151 -0.558153 2
 0.837092 0.195532 3
 0.292032 -0.296793 2
 0.545152 -0.201880 2
 0.944090 -0.466475 4
 -0.488632 -0.119907 4
 -0.733757 -0.965636 3
 -0.904477 -0.607776 3
 -0.106540 -0.473189 1
 -0.726188 0.764458 3
 -0.668996 0.423505 2
 0.948912 0.725150 3
 0.267129 0.041597 2
 -0.626331 -0.219825 1
 -0.658010 0.045259 2
 0.625660 0.540147 1
 0.812067 0.203894 3
 0.069369 0.082064 3
 -0.454939 -0.845332 1
 0.745170 0.534165 1
 -0.213721 -0.143345 3
 0.620472 -0.929075 4
 -0.869564 -0.576891 1
 0.642750 -0.494430 2
 0.138646 0.020966 3
 0.529893 0.667592 1
 -0.962340 0.523972 4
 0.237037 -0.246742 2
 -0.061861 -0.393231 2
 0.036225 -0.163976 4
 0.010285 -0.031098 4
 -0.852901 -0.275369 3
 0.053926 0.373882 3
 -0.144139 -0.643300 1
 -0.099460 -0.806452 3
 -0.940245 0.914426 4
 -0.915159 0.142857 4
 0.175207 0.850520 3
 0.223792 -0.106296 4
 -0.653615 -0.987487 3
 -0.460738 0.255959 2
 0.892636 0.051485 3
 -0.036348 0.611011 4
 -0.069430 -0.696646 3
 -0.735527 -0.711844 1
 -0.889035 0.330912 4
 0.626331 -0.431074 2
 -0.595019 0.313334 2
 0.126804 -0.991943 4
 -0.120273 0.470382 2
 0.545335 -0.241188 2
 0.398785 -0.290139 2
 -0.059175 0.588916 4
 0.186865 0.685171 3
 0.436506 0.275857 1
 0.194494 0.449873 1
 -0.350566 -0.930967 3
 0.201392 0.898129 3
 0.202185 -0.095187 4
 0.595569 -0.822382 2
 -0.246559 0.063692 4
 -0.234535 -0.737480 3
 0.986389 0.956236 3
 -0.956725 0.874020 4
 -0.008942 0.725150 4
 0.136387 0.936094 3
 0.479049 -0.648122 1
 0.984313 -0.245888 4
 0.267739 0.954039 3
 0.979125 -0.896298 1
 -0.528855 0.961608 4
 -0.512864 0.416486 2
 0.835994 0.860347 3
 0.608081 0.251808 1
 -0.340922 0.188208 2
 0.110263 -0.759148 4
 -0.275185 0.473983 2
 -0.520432 -0.309122 1
 0.699454 0.804071 1
 -0.981445 0.037019 4
 -0.580370 -0.293863 1
 0.934141 -0.670522 4
 0.513718 -0.963195 1
 0.350932 -0.056856 4
 0.791742 0.560106 1
 -0.811762 -0.302530 4
 0.843013 0.905515 3
 0.837275 -0.425825 2
 0.278054 -0.408002 2
 0.576952 0.219581 1
 0.052583 -0.193762 4
 -0.334330 -0.579760 1
 0.311014 0.621937 1
 0.045869 -0.261452 4
 -0.813166 0.348308 2
 -0.400189 0.495346 2
 0.998047 -0.305216 4
 0.893490 -0.711112 4
 -0.726249 0.439985 2
 -0.654042 -0.764641 3
 -0.948790 0.291360 4
 -0.237037 -0.879757 3
 -0.120518 -0.375347 1
 -0.829951 0.647023 1
 -0.032746 0.789178 4
 0.885006 -0.029206 4
 0.913450 -0.333293 4
 -0.234779 -0.294412 1
 -0.543260 0.173193 4
 -0.430647 0.590564 2
 -0.317423 -0.612720 1
 0.368694 -0.995727 4
 0.124180 -0.002777 4
 0.947508 -0.485031 4
 -0.803766 -0.249672 1
 0.129002 0.651906 3
 -0.602466 0.594653 2
 -0.035493 -0.911618 3
 -0.279031 -0.801263 1
 0.723380 0.421552 1
 0.707938 -0.460982 2
 0.621448 -0.262551 1
 -0.415082 -0.760125 1
 0.224769 0.149144 3
 -0.080599 0.355693 4
 0.467391 0.494491 1
 -0.767144 0.281899 2
 0.219092 0.381756 3
 -0.991516 -0.517930 3
 0.341838 -0.229163 2
 0.530686 -0.280557 2
 0.172216 -0.723869 2
 0.994079 -0.520920 3
 -0.633412 0.380657 2
 -0.680105 0.269753 2
 -0.952513 -0.253029 3
 0.116733 0.491684 1
 -0.811823 0.813959 4
 -0.777215 0.558397 2
 0.172826 0.865596 3
 -0.731193 -0.039949 3
 -0.529954 0.760369 2
 0.696768 -0.044588 4
 -0.642384 -0.491928 1
 0.674062 0.580615 1
 0.634632 0.882199 3
 -0.660939 -0.338847 1
 0.260292 0.254128 3
 -0.183081 0.516587 2
 -0.144566 0.838313 4
 -0.558458 0.042268 4
 -0.994812 -0.465072 1
 0.622791 -0.140599 2
 0.299661 -0.442793 2
 0.795343 0.217505 3
 0.050203 0.032197 3
 -0.112705 -0.660756 3
 -0.380169 -0.239235 2
 0.745598 -0.106235 4
 -0.696707 -0.673818 1
 0.956114 -0.713736 4
 -0.303568 0.737297 2
 -0.504074 -0.547960 1
 0.490341 0.794305 3
 0.654714 0.841365 1
 -0.370159 -0.634754 1
 0.663503 0.283486 1
 0.771844 0.759514 1
 -0.532151 -0.582934 1
 -0.017365 -0.613269 3
 -0.916746 -0.625172 3
 -0.389630 -0.111301 4
 0.969665 0.408856 3
 0.271645 0.930784 3
 -0.136876 0.145177 4
 0.887814 0.841365 3
 0.502731 -0.844661 2
 -0.289651 0.286660 2
 0.688284 -0.468978 2
 0.272134 0.167699 3
 -0.891598 -0.849788 3
 -0.799066 -0.072298 3
 -0.624195 -0.677175 2
 -0.164892 0.457320 2
 0.706168 0.502243 1
 0.576464 0.784417 1
 0.679922 -0.249245 4
 -0.080721 0.737419 4
 0.523240 0.646779 1
 -0.907041 0.767937 4
 0.345988 -0.679495 2
 0.254982 -0.878475 4
 0.774407 -0.693472 3
 -0.827937 -0.456343 1
 0.415571 0.899533 3
 0.327738 -0.292154 2
 -0.408246 -0.297586 1
 -0.607471 -0.445418 4
 -0.218726 0.052522 4
 0.995422 -0.272561 4
 -0.795648 0.014679 4
 0.733024 -0.705374 2
 -0.009064 -0.372112 3
 -0.644704 0.942991 4
 -0.632252 -0.906369 3
 0.063875 0.832331 3
 0.302835 0.593249 1
 0.861507 -0.702933 4
 0.043916 0.420881 3
 0.889645 -0.416120 2
 -0.010102 -0.878475 3
 0.691885 0.810724 1
 -0.669301 0.319742 2
 -0.659169 0.337077 2
 -0.105075 -0.072848 2
 0.365459 -0.268410 2
 0.641713 0.416852 1
 -0.583361 -0.475631 4
 -0.765313 -0.148534 3
 -0.390667 0.932737 4
 -0.864254 0.352519 2
 -0.523240 -0.253578 1
 -0.344890 -0.301004 1
 -0.523667 0.560900 2
 -0.603137 0.742058 2
 -0.016388 0.545518 4
 0.535813 0.323588 1
 0.711722 0.934812 3
 0.363872 0.386517 1
 0.494613 -0.570910 2
 -0.455611 0.963805 4
 -0.629505 -0.306192 1
 -0.490219 -0.266396 1
 -0.095737 -0.856929 3
 0.441939 -0.170873 2
 -0.315104 -0.803644 1
 0.271889 0.588855 1
 -0.063326 -0.804682 3
 0.136814 0.936338 3
 0.181127 0.168249 3
 0.731254 0.076266 3
 -0.112827 -0.370769 3
 0.990173 -0.805475 4
 -0.953124 -0.398968 3
 -0.457686 0.849483 3
 0.614978 -0.953124 4
 0.369915 -0.258095 2
 0.748466 0.900815 1
 -0.887143 -0.447615 1
 -0.214820 0.882687 4
 -0.544176 -0.468795 1
 -0.102206 0.286172 4
 0.033540 -0.469283 4
 0.361003 -0.073275 4
 -0.705741 -0.834101 1
 0.369854 -0.562914 2
 0.757317 -0.207862 2
 0.345866 -0.901730 3
 0.102573 0.985961 1
 -0.330424 0.393048 2
 0.529649 0.217811 1
 -0.224281 0.469283 3
 -0.176000 -0.596240 1
 0.549547 0.701651 1
 -0.432295 -0.976928 3
 0.961303 0.537584 3
 -0.067782 -0.509629 3
 -0.123508 0.816889 4
 0.490524 0.468612 1
 -0.020234 -0.249550 3
 0.486312 -0.188818 2
 0.749016 -0.252235 4
 0.998169 0.820795 3
 -0.582141 0.278298 2
 0.435041 -0.488327 2
 -0.135472 0.956725 4
 -0.198157 0.563463 4
 0.363201 0.037568 3
 -0.828181 -0.346110 1
 0.136570 0.507920 1
 -0.196570 0.858211 4
 -0.353191 0.964721 4
 -0.660634 0.801874 3
 0.561876 -0.534349 2
 0.525132 0.255531 2
 0.335490 -0.460738 2
 0.884396 0.857906 3
 -0.662343 0.543199 2
 -0.210791 -0.344096 1
 -0.526292 -0.442549 1
 0.362102 -0.851741 2
 0.228797 -0.999451 4
 0.647633 -0.479415 2
 -0.924070 -0.844417 3
 -0.508957 0.759392 2
 0.184851 -0.206275 4
 -0.438215 -0.667592 1
 0.368755 0.083529 3
 0.958068 -0.876644 4
 0.207434 0.972411 3
 -0.167760 -0.692984 1
 -0.716910 -0.771905 1
 -0.527696 0.854488 2
 -0.532579 -0.671377 1
 0.278359 0.353679 1
 -0.803461 0.386456 2
 0.070650 0.834712 3
 0.672109 0.295694 1
 -0.832087 0.286050 2
 0.925291 0.289651 3
 -0.328166 -0.450301 1
 0.682119 0.095798 3
 -0.603137 0.283303 2
 -0.033601 0.876034 4
 -0.118503 0.675100 4
 0.379009 0.139195 1
 0.919187 -0.398785 4
 0.990173 -0.185461 4
 -0.953429 0.911740 4
 -0.217689 -0.327921 1
 0.426130 0.532701 1
 -0.418012 -0.721549 1
 -0.439680 0.072359 4
 0.416608 0.675466 1
 0.276406 -0.381024 2
 -0.765069 0.968566 4
 0.416791 -0.582873 2
 0.928709 -0.986816 4
 0.675527 -0.889279 3
 -0.408368 -0.613514 1
 -0.984558 0.239723 4
 -0.044893 -0.169103 3
 -0.894345 0.678518 4
 -0.063509 -0.641346 3
 0.216041 0.702994 1
 0.238868 -0.796136 2
 -0.994629 -0.625904 3
 -0.061861 -0.190832 3
 0.643178 0.925352 3
 -0.003082 0.035920 4
 -0.300943 -0.158666 1
 -0.358867 -0.216468 4
 0.241066 0.316202 4
 -0.462630 0.207617 2
 -0.423139 0.777093 2
 0.708792 0.722037 3
 -0.921812 -0.837519 4
 -0.873470 0.974731 4
 0.524216 -0.358013 2
 0.914792 0.983093 3
 -0.598010 0.464095 4
 0.106052 -0.383160 4
 -0.398297 -0.378399 1
 -0.114475 0.616810 4
 0.943602 0.019929 3
 -0.739677 0.335551 2
 -0.025422 0.837336 4
 0.092624 0.388531 3
 -0.527757 0.764031 2
 0.433515 -0.597034 2
 -0.907468 -0.192724 2
 -0.905271 -0.948119 3
 0.600513 -0.648793 2
 -0.603259 0.560472 1
 0.119480 -0.842891 4
 -0.970214 0.872738 4
 0.838435 0.993408 2
 -0.034516 0.666433 4
 0.612903 -0.418683 4
 -0.642689 -0.598010 1
 -0.101413 0.545213 4
 -0.633595 -0.404645 1
 0.453963 0.053743 1
 0.850642 -0.500229 3
 0.250526 -0.159948 4
 0.854854 0.386151 1
 -0.973144 0.288675 4
 0.838862 -0.391827 1
 -0.074374 -0.724052 3
 -0.418256 -0.359783 1
 -0.351176 -0.547960 1
 -0.300821 0.275246 2
 0.571703 -0.348247 1
 -0.288797 0.170385 2
 -0.750481 -0.878109 3
 0.599231 0.927976 3
 0.757744 0.252663 1
 0.787408 -0.101169 4
 -0.699210 0.499802 2
 0.488876 0.896115 3
 0.528489 -0.813532 2
 -0.648427 -0.993957 3
 -0.003449 -0.128758 3
 0.342936 0.685232 1
 -0.790704 -0.030427 3
 -0.190100 -0.671133 1
 -0.317850 0.317179 2
 0.652821 -0.499374 2
 0.460677 0.362468 1
 0.549791 0.009186 4
 -0.465560 -0.325480 1
 0.169103 -0.979675 4
 0.583056 -0.543870 2
 -0.692129 -0.608020 1
 -0.508896 0.747307 2
 -0.106418 -0.581286 3
 0.071322 -0.992126 4
 -0.213294 -0.825556 3
 -0.569384 -0.232643 1
 0.321390 -0.360027 2
 0.419843 -0.972900 4
 -0.477950 0.803705 2
 -0.398297 -0.894406 3
 -0.066744 -0.078463 3
 0.176794 -0.388653 2
 -0.999817 0.125645 4
 0.303201 0.232887 1
 0.937803 0.567370 3
 0.249001 -0.967772 4
 0.025056 0.283364 3
 0.813654 0.930540 3
 0.263466 0.971618 3
 0.456648 0.071444 3
 -0.664663 0.865413 4
 -0.429060 0.751946 2
 -0.198950 0.891964 2
 -0.662038 0.606494 2
 -0.528306 -0.695730 1
 -0.397687 0.732902 2
 -0.104587 -0.027070 3
 -0.796197 0.446883 2
 0.894101 0.525193 1
 -0.796381 -0.647023 1
 0.088290 -0.480331 3
 0.442610 0.419904 1
 -0.651357 0.843867 2
 -0.130772 0.746330 4
 -0.890194 0.520981 2
 -0.925474 -0.293435 3
 0.485397 0.115452 1
 -0.528367 -0.837764 1
 0.121250 -0.077059 4
 -0.443037 -0.572314 1
 -0.275246 0.133030 4
 0.691397 -0.323038 2
 -0.793207 -0.847591 3
 0.838313 0.479720 1
 -0.624683 -0.724418 1
 0.696280 -0.846431 2
 -0.883847 0.890500 4
 -0.336589 -0.379559 1
 -0.999268 -0.593066 4
 0.071627 -0.546190 4
 0.256325 0.095614 3
 -0.872250 -0.194555 3
 -0.963012 -0.976135 3
 0.999512 0.898434 3
 0.933897 -0.722526 4
 0.482589 0.773675 1
 -0.340434 0.654653 2
 0.688650 -0.021577 4
 0.847468 0.020112 3
 0.189062 -0.116733 4
 0.900632 0.507370 3
 0.054048 -0.684133 4
 -0.170385 0.755486 4
 0.223365 -0.801996 4
 0.016083 0.368816 3
 -0.353191 -0.125095 3
 -0.160802 0.786920 4
 -0.368633 0.822748 2
 0.103183 -0.247780 3
 0.833613 -0.577319 2
 0.203284 0.562487 1
 -0.666982 0.489486 2
 -0.032807 0.296304 3
 0.226417 -0.759758 2
 0.109775 0.198462 3
 0.177404 -0.606555 2
 -0.761101 0.413312 2
 -0.637623 -0.916623 3
 0.349223 0.252846 1
 0.247108 0.279031 1
 0.741813 0.187719 1
 -0.366619 0.393902 1
 0.307169 0.748650 2
 -0.587024 -0.224586 1
 0.109043 0.524583 1
 0.465682 -0.239967 2
 0.206336 0.447371 1
 -0.860836 0.982910 3
 0.650929 0.547777 1
 0.749565 0.628040 4
 0.598804 0.372600 1
 -0.462691 0.308573 1
 -0.528184 -0.751274 1
 -0.480758 -0.737602 1
 -0.891964 -0.416791 3
 -0.328532 0.552416 2
 0.837580 -0.615162 2
 -0.117527 0.957518 4
 0.421552 -0.803034 2
 -0.887204 0.243080 4
 0.792535 -0.372417 2
 0.199927 0.497848 1
 -0.467635 0.664052 2
 0.744255 -0.775933 2
 -0.973327 0.961364 4
 0.515427 0.869747 3
 0.231910 0.290017 1
 0.815241 0.489364 1
 -0.006684 -0.668386 3
 0.235145 0.221473 1
 0.851802 0.009796 3
 0.246132 0.269631 1
 -0.724479 0.543626 2
 -0.942442 -0.925108 3
 -0.744072 0.410993 2
 -0.816584 0.367901 2
 -0.796258 -0.589648 1
 -0.846919 -0.213965 3
 -0.916746 0.006989 4
 0.804010 0.745842 1
 -0.277017 -0.848262 3
 0.593799 0.255898 1
 -0.760796 0.760857 3
 0.369854 0.359294 1
 0.510056 -0.957762 4
 0.032929 -0.108188 4
 0.638417 -0.141636 2
 -0.467025 0.244667 2
 0.340373 0.309977 4
 0.634816 -0.181921 2
 0.196692 -0.268227 2
 -0.110019 0.854427 4
 -0.294412 0.284646 2
 -0.745659 -0.663076 1
 0.073336 0.333110 3
 -0.213355 -0.356731 1
 0.680715 0.796258 1
 0.867061 0.639576 1
 0.163121 -0.342448 2
 0.372723 0.904172 3
 0.040925 0.823603 3
 0.248085 -0.232948 2
 -0.161412 0.516953 2
 0.906674 -0.146031 4
 -0.370769 -0.607532 1
 0.902707 -0.178808 4
 0.942503 -0.436750 2
 -0.689871 0.969726 4
 -0.026582 0.724357 3
 -0.754631 0.425520 2
 0.029450 0.561876 3
 -0.027009 0.574206 4
 -0.846797 -0.365459 1
 0.029878 -0.563707 4
 -0.141453 -0.084689 2
 0.807672 -0.327738 2
 0.917600 -0.819086 4
 -0.971435 0.903378 4
 0.135533 0.436384 1
 -0.446028 -0.963500 3
 0.051851 0.562181 3
 0.962401 -0.718986 4
 -0.495468 -0.628346 1
 -0.666005 0.543382 2
 0.994934 -0.733818 4
 0.680471 -0.110813 4
 0.791009 0.675222 1
 -0.543748 0.758782 2
 -0.293558 -0.531114 1
 -0.410260 -0.375958 1
 -0.506882 -0.468429 1
 -0.528916 0.774529 2
 0.784051 0.682180 1
 -0.665212 -0.080660 3
 -0.475387 -0.870296 1
 0.474715 0.293802 1
 -0.169652 0.652455 2
 0.727409 -0.043184 4
 0.206641 -0.314127 2
 -0.335795 -0.032502 4
 -0.929563 0.509384 4
 -0.073824 0.127781 4
 0.509812 -0.282510 2
 0.142308 -0.020295 4
 0.218848 0.164098 3
 -0.133518 -0.256569 3
 0.546800 -0.433454 2
 -0.028108 0.884213 4
 0.596850 -0.042390 4
 0.939879 0.996216 4
 0.314188 -0.827326 2
 0.480636 0.689749 1
 0.499374 0.559313 1
 0.923887 -0.829585 3
 -0.315104 0.097140 4
 -0.184118 0.196692 4
 -0.187231 -0.884640 3
 0.161840 -0.896298 4
 -0.349834 -0.204260 1
 -0.250710 0.582324 3
 -0.118686 -0.352641 3
 -0.007721 -0.102634 3
 0.811945 0.142613 3
 -0.268593 -0.762871 1
 0.624989 -0.299783 2
 0.428999 -0.122471 2
 -0.875301 0.203528 4
 0.196387 -0.149144 4
 0.906186 -0.758660 4
 -0.909726 -0.193884 3
 0.888180 -0.740715 4
 -0.883297 0.748039 4
 0.147191 -0.191565 1
 -0.621021 0.342021 4
 0.989135 0.079318 3
 -0.191931 -0.525864 3
 -0.802728 -0.091586 3
 -0.087924 -0.248512 3
 0.393597 0.444929 1
 -0.016449 -0.368267 3
 0.450056 0.665395 3
 -0.799738 -0.130467 3
 0.889340 0.922910 3
 0.058931 -0.033967 4
 -0.789727 -0.280496 1
 -0.422224 0.310709 2
 -0.922422 0.888668 4
 0.706839 -0.298929 2
 0.311441 -0.624866 2
 0.382000 0.929991 3
 -0.384198 0.800226 2
 -0.338237 0.125523 4
 -0.017304 0.999512 4
 0.383221 0.533738 1
 -0.290750 0.721061 2
 -0.225257 0.428816 2
 0.966124 -0.329142 4
 -0.535875 -0.159154 3
 0.853633 -0.906125 1
 0.317789 -0.213172 2
 0.884030 -0.922788 4
 -0.450117 0.693350 2
 -0.173009 -0.236000 3
 -0.461165 -0.302042 1
 -0.144078 0.664602 2
 0.787469 -0.482589 2
 0.932249 -0.747246 4
 0.466292 0.569201 1
 -0.634144 -0.964660 3
 0.975402 -0.965331 4
 -0.511093 0.280984 2
 -0.036164 0.551683 4
 0.379681 -0.402875 2
 0.243507 0.222633 3
 0.575732 -0.457747 2
 -0.965026 0.627125 4
 0.711966 0.460616 1
 0.982788 0.525864 3
 -0.977477 -0.273293 3
 0.377850 -0.056734 4
 -0.356670 0.588366 2
 -0.975402 0.316935 4
 0.652699 -0.205969 2
 -0.810175 -0.599780 1
 -0.212195 0.193335 4
 0.071017 -0.392621 4
 0.775018 -0.502670 2
 -0.777825 -0.513779 3
 0.209815 -0.613025 2
 -0.626148 -0.991516 3
 -0.073763 0.156285 4
 0.085055 0.363445 3
 0.791314 -0.921995 4
 0.664907 0.942564 3
 0.862972 -0.319498 4
 -0.198462 0.204138 3
 -0.150975 0.120701 4
 0.335185 -0.896725 4
 0.804010 -0.156590 4
 0.613147 -0.223487 2
 -0.998108 0.713065 4
 0.864925 0.167272 3
 0.922605 -0.194800 4
 0.033784 -0.719291 4
 -0.712027 0.045869 4
 -0.496872 -0.245277 2
 -0.911802 -0.113559 3
 -0.845088 -0.565355 1
 0.531663 0.200598 2
 0.197424 0.640187 1
 -0.140538 -0.408246 1
 0.200110 0.810053 3
 -0.039216 0.298074 4
 0.773309 -0.786065 2
 -0.274392 -0.117222 2
 -0.670522 -0.581835 1
 0.074129 0.896847 3
 -0.635609 0.192480 4
 -0.400983 -0.297952 1
 0.694937 0.546129 1
 -0.241615 0.641652 2
 0.091830 -0.420209 4
 0.557421 0.746147 1
 -0.255776 0.842402 4
 0.655263 -0.838252 2
 -0.006195 -0.121921 3
 0.835932 0.489242 1
 -0.223975 0.653188 2
 0.778924 0.219764 1
 -0.794305 -0.451216 1
 0.069308 -0.543382 4
 -0.255348 0.607898 2
 -0.617176 -0.890622 3
 0.389325 0.723502 1
 0.784417 0.747978 1
 -0.685537 0.455611 3
 -0.922605 0.304605 4
 -0.587268 -0.835078 1
 -0.858272 -0.189123 3
 -0.835200 0.150487 4
 -0.803278 -0.642506 1
 -0.719779 0.477950 3
 0.928343 0.464278 3
 0.544603 -0.812006 2
 0.416120 -0.952818 4
 -0.688406 0.570238 2
 0.799493 -0.828181 4
 0.076937 0.190954 3
 0.619007 -0.222022 3
 -0.428083 0.363323 2
 0.771172 -0.434492 2
 -0.186071 0.745170 2
 0.014191 0.227638 3
 0.551500 0.753899 1
 -0.038057 -0.781121 3
 0.541429 -0.514573 3
 -0.496689 0.246376 4
 0.095309 -0.175878 4
 -0.414411 0.670644 2
 0.333415 0.431806 1
 0.297830 0.004730 3
 -0.417341 0.303140 2
 -0.807062 0.697928 2
 0.357036 -0.424970 2
 0.785943 -0.607715 2
 -0.642933 -0.722526 1
 0.164220 -0.160192 4
 -0.072909 -0.287027 3
 0.650258 -0.333781 4
 -0.594043 0.152623 2
 0.451094 0.170934 3
 0.810846 -0.463790 2
 0.234657 -0.650746 1
 -0.710074 0.863338 4
 0.568957 -0.675344 2
 0.782525 0.963988 3
 -0.838313 0.378826 2
 -0.676931 0.334941 2
 0.839167 0.766717 3
 0.428205 0.730399 1
 0.199622 0.504685 1
 -0.997864 -0.805963 3
 -0.118809 0.318339 4
 -0.799677 0.220069 4
 0.379559 -0.061922 4
 0.686575 0.729972 1
 0.354717 0.930174 3
 0.722709 -0.445723 2
 -0.637135 0.249794 2
 0.527879 0.104892 4
 -0.048006 -0.294778 3
 -0.655385 -0.073275 3
 -0.941893 -0.481429 2
 0.649648 -0.184484 2
 -0.360210 -0.827326 1
 -0.053743 0.189673 2
 0.488510 -0.270180 2
 0.576952 -0.596423 2
 -0.848079 0.811213 3
 0.992676 -0.310343 4
 -0.091220 0.423750 4
 -0.083712 -0.583056 3
 -0.268960 0.822199 2
 0.838984 -0.646413 2
 0.172643 0.593921 1
 0.285073 -0.379437 2
 0.121067 0.153539 3
 -0.715140 -0.975402 3
 -0.650136 0.835749 4
 0.491440 -0.542711 2
 -0.190588 0.772820 4
 0.379376 -0.951903 4
 0.593493 -0.255043 2
 0.963805 0.759026 3
 -0.481002 0.190893 2
 0.475326 0.107639 1
 -0.743156 0.565966 2
 -0.569445 0.707327 2
 0.950621 0.235267 3
 -0.465804 -0.689383 1
 -0.738884 0.090060 4
 -0.149815 -0.955382 3
 -0.225135 0.073397 4
 -0.319071 0.524766 2
 0.712210 -0.195654 2
 0.590197 -0.464827 2
 -0.125278 -0.513535 1
 -0.991638 0.963500 4
 0.767937 -0.710135 2
 -0.142613 -0.324137 1
 0.837397 0.392560 1
 0.632252 0.022248 3
 -0.244606 -0.129917 3
 0.377422 0.657094 1
 0.696524 0.620045 1
 0.995422 0.364360 3
 0.538072 0.509262 1
 -0.675771 -0.426191 1
 -0.075350 -0.068758 3
 -0.577136 -0.743339 1
 -0.867061 -0.038972 4
 -0.499863 -0.113376 1
 0.675161 0.295694 1
 0.926634 0.155919 1
 0.577868 -0.833247 2
 -0.234779 0.132298 4
 -0.725578 0.413739 1
 0.259865 0.544481 2
 0.048433 -0.095920 4
 0.717215 0.885067 3
 -0.035615 0.489731 1
 -0.778008 0.016205 4
 -0.774468 -0.314982 1
 -0.379192 -0.032502 3
 -0.105930 -0.744316 3
 -0.786676 0.612537 2
 -0.087619 0.904965 4
 0.588000 -0.088595 4
 -0.637501 -0.755242 1
 -0.960326 -0.591784 3
 0.901608 0.240455 3
 0.007111 -0.331339 4
 -0.689688 0.314432 2
 -0.033052 -0.652455 4
 0.092441 0.298318 3
 -0.777154 0.572314 2
 0.062349 -0.580004 4
 0.026093 0.330180 3
 -0.141697 -0.486618 1
 0.466048 0.547411 1
 -0.680532 0.638295 2
 -0.432478 0.546861 2
 -0.336711 0.297647 2
 0.032868 0.572069 3
 -0.598865 -0.559252 1
 0.065950 0.065523 3
 -0.069918 -0.561876 3
 0.715323 -0.611927 2
 -0.262612 -0.782830 1
 0.175024 0.667409 1
 -0.843440 0.745598 4
 -0.520066 0.462508 2
 0.610950 0.049043 3
 -0.967833 -0.067232 1
 0.283425 -0.047212 4
 0.398358 -0.802240 3
 0.149510 -0.267373 4
 0.812983 -0.423261 2
 0.311014 -0.136692 4
 0.826594 0.393353 1
 0.568041 -0.947020 4
 0.536119 0.035554 3
 -0.833247 -0.250465 3
 0.834590 -0.043855 4
 -0.339335 -0.692801 1
 -0.882076 -0.697684 3
 -0.177709 -0.998779 3
 -0.113742 0.861812 4
 -0.456709 0.077486 4
 -0.322733 0.012848 4
 -0.339396 -0.975768 2
 0.769036 -0.634571 2
 0.645436 -0.744926 2
 -0.910154 0.781854 4
 -0.906735 -0.611438 3
 0.773247 -0.537217 2
 0.952391 -0.686514 4
 0.793512 -0.211402 4
 -0.572497 0.226905 2
 0.122410 -0.399213 2
 0.497665 -0.168126 2
 0.842097 0.613147 1
 -0.016327 0.883358 4
 -0.347636 -0.361187 1
 -0.894955 0.268593 4
 -0.789178 0.321940 2
 0.462081 0.811335 1
 -0.258583 0.059725 4
 -0.619068 0.984558 4
 0.350932 -0.195837 2
 0.560411 0.722526 1
 0.489547 -0.569811 2
 0.956114 0.516648 3
 0.993835 0.357280 3
 0.840876 -0.014924 4
 -0.851558 0.112522 4
 -0.021699 -0.898618 3
 -0.793756 0.523179 2
 0.847285 0.272011 3
 0.801263 0.224830 3
 -0.145665 0.448042 2
 0.694998 -0.825983 2
 0.472457 -0.540147 2
 0.291787 -0.147740 4
 -0.757744 -0.237770 1
 0.361187 0.848384 1
 0.575182 -0.223304 2
 -0.595264 -0.491928 1
 -0.706473 0.019379 4
 -0.894711 -0.663137 3
 0.847591 0.201147 1
 -0.704825 0.844478 4
 0.145054 0.488205 1
 -0.118076 -0.481735 1
 0.932127 -0.889706 4
 0.168249 -0.386700 2
 0.661733 -0.496078 2
 -0.995911 -0.554430 3
 0.788934 -0.821589 4
 0.208594 0.877438 3
 -0.571764 -0.508042 1
 0.698294 0.681570 1
 0.312967 0.525437 1
 -0.239479 0.471297 2
 0.991577 0.241188 3
 0.908872 0.885067 3
 0.201147 0.115024 3
 0.757439 0.712088 1
 -0.647023 0.427473 2
 0.353008 0.646901 1
 0.069674 -0.596484 4
 -0.598682 0.360515 2
 0.710318 -0.612964 1
 0.825312 0.575488 1
 -0.178930 0.238075 4
 0.092929 0.831965 3
 -0.550035 -0.859920 1
 0.752373 0.633229 1
 0.261391 -0.994934 4
 0.611072 0.657216 1
 -0.610462 0.663930 2
 -0.002411 -0.277932 3
 0.967528 -0.971252 4
 0.542344 0.193396 1
 0.269509 0.416669 1
 -0.084201 -0.480331 3
 -0.595874 -0.780511 1
 0.960997 0.585131 3
 -0.504379 -0.889523 1
 0.658071 0.565294 1
 -0.708853 0.972289 4
 -0.641591 0.975219 4
 -0.868770 0.735405 4
 -0.273904 0.595569 2
 0.220923 -0.684988 2
 -0.176916 -0.034272 3
 0.139317 -0.167943 4
 -0.222694 -0.869381 3
 0.525071 0.307352 1
 0.469893 -0.671072 2
 -0.125401 -0.984191 3
 -0.320780 0.310160 2
 -0.608081 0.688711 2
 0.120151 -0.031831 4
 0.825922 0.750053 3
 0.814386 -0.021088 4
 0.233924 -0.223060 1
 0.231117 0.128819 2
 0.608325 -0.630848 2
 0.634632 -0.976989 4
 -0.695730 -0.383343 1
 0.075716 -0.140721 4
 -0.794794 -0.647511 1
 -0.533738 0.955992 4
 -0.435347 -0.622181 1
 -0.827692 -0.278237 1
 -0.539232 -0.152318 1
 0.564745 -0.246010 2
 -0.197851 0.003937 4
 0.964293 -0.246559 2
 0.821711 -0.556200 2
 -0.581286 -0.057161 3
 0.996338 -0.889340 4
 -0.250465 0.677236 2
 0.329875 -0.804804 2
 0.305521 0.932920 3
 -0.063265 0.134312 4
 0.860836 -0.637257 2
 0.864193 -0.105258 4
 0.095309 -0.394330 4
 0.089816 -0.269997 3
 0.094577 0.537400 3
 0.632984 -0.402936 2
 -0.693899 -0.850337 3
 -0.283670 -0.579455 3
 0.391278 0.747002 1
 -0.083895 -0.607532 3
 0.408185 0.145970 1
 -0.761834 -0.505600 1
 -0.235145 0.567064 2
 -0.942930 -0.570116 3
 -0.621021 -0.095431 3
 -0.143895 -0.845576 3
 0.482406 -0.936460 4
 -0.294534 -0.809381 1
 0.507675 0.050142 3
 -0.583544 0.916257 4
 -0.506211 0.503830 2
 -0.691275 0.011689 4
 0.449812 0.358013 1
 -0.471541 -0.743522 1
 0.111667 -0.682485 4
 0.854793 -0.140782 4
 -0.467757 0.839900 1
 -0.068331 -0.488327 3
 0.940611 -0.692312 4
 -0.136143 0.352031 2
 0.307657 0.080294 3
 0.112705 -0.973815 4
 0.057283 -0.888424 4
 0.630970 0.034700 1
 -0.641041 -0.178014 1
 0.172948 0.551073 1
 0.439985 -0.088412 4
 -0.282022 -0.098422 3
 0.354717 -0.197790 3
 0.945250 -0.107944 4
 0.648366 -0.603809 2
 0.695730 -0.830195 2
 0.352947 0.838496 1
 -0.638661 -0.191565 2
 0.752800 -0.029084 4
 0.136265 -0.697195 4
 -0.643422 0.164586 2
 -0.930723 0.161290 4
 -0.485397 -0.780755 1
 0.855098 0.283792 3
 -0.882382 -0.983581 3
 0.300150 0.311869 1
 0.815424 0.613758 1
 0.403241 -0.860714 2
 -0.807855 0.468307 2
 0.985534 -0.229835 4
 -0.663259 0.476608 2
 0.809626 0.712333 1
 0.244789 -0.481796 2
 -0.875546 -0.906796 3
 -0.509934 -0.809076 1
 -0.426923 0.686148 2
 0.603504 -0.575488 2
 0.401227 -0.966247 4
 -0.403912 0.661550 2
 -0.095431 0.857479 4
 0.064364 0.291299 3
 -0.948424 -0.061617 3
 -0.685171 0.025849 4
 0.219459 0.659902 1
 0.946104 -0.095492 4
 -0.019074 -0.603870 3
 0.324870 -0.385052 2
 0.879574 0.937559 3
 0.394757 0.818171 1
 0.130711 0.137059 3
 0.253517 -0.835505 4
 0.185583 -0.031709 4
 -0.061495 -0.310282 3
 -0.903867 0.180273 4
 -0.144017 0.275674 4
 -0.381146 -0.262551 1
 0.292398 0.866634 3
 0.993164 -0.767144 4
 -0.554369 -0.874203 1
 0.334147 0.460860 1
 -0.587207 0.221717 2
 -0.424482 -0.662099 1
 0.573168 -0.570116 2
 0.901181 -0.641469 4
 -0.197668 -0.760430 1
 0.602222 -0.226661 2
 0.956664 -0.348979 4
 0.297403 -0.321879 2
 -0.935789 -0.647755 3
 -0.545518 0.199927 2
 0.660939 0.461653 1
 0.149815 -0.031648 4
 -0.292459 0.525193 2
 0.003204 0.059969 4
 -0.472396 0.454268 2
 0.227210 -0.397687 2
 0.201331 0.093234 3
 0.725822 0.225867 1
 -0.145482 0.102573 4
 -0.817499 0.551073 2
 -0.720450 -0.153417 3
 0.073641 0.898190 3
 0.325541 -0.027802 4
 0.544908 -0.593066 2
 -0.504135 -0.633290 4
 -0.911008 -0.245705 3
 -0.809931 -0.818110 3
 -0.038301 -0.342936 3
 0.028047 -0.387799 4
 -0.727287 0.347087 2
 0.693167 0.114231 1
 -0.308817 0.206885 2
 0.732963 0.754936 1
 -0.299112 0.752800 1
 0.754509 -0.623402 2
 0.344279 0.153294 1
 -0.548997 0.265603 2
 -0.607898 0.469955 2
 -0.101169 -0.987732 3
 -0.123325 -0.191565 3
 0.561022 -0.749809 4
 0.925047 -0.432417 4
 -0.564745 -0.038728 3
 -0.168493 -0.027009 3
 0.784722 -0.964537 4
 -0.694876 0.083834 4
 0.887020 -0.228858 4
 0.831111 -0.540513 2
 0.241615 0.005097 3
 0.082247 -0.325907 4
 0.670949 0.558214 1
 -0.680593 0.865963 4
 0.753655 0.685659 1
 0.717399 -0.490280 1
 0.027558 -0.781915 1
 -0.445967 0.599109 2
 -0.600269 -0.917722 2
 -0.799738 0.426435 2
 0.200598 -0.112766 3
 0.848506 -0.851924 4
 -0.679373 0.265114 2
 -0.083651 -0.677480 3
 0.866512 0.653188 1
 0.064364 -0.392193 4
 -0.226356 0.204627 4
 0.763970 -0.192358 1
 -0.185705 0.515976 2
 -0.646352 0.452132 2
 -0.563097 -0.141942 1
 -0.478439 -0.899045 1
 -0.124668 0.598987 3
 -0.849300 0.557604 2
 0.964782 -0.494919 4
 -0.534959 -0.820185 1
 -0.897275 -0.390362 3
 0.414533 0.476852 1
 0.791803 -0.666128 2
 0.234718 0.177892 4
 0.201514 -0.449263 2
 0.121006 -0.038179 4
 0.187963 0.276894 1
 -0.047456 0.033845 4
 -0.792474 -0.318949 1
 0.005097 -0.262490 4
 -0.437056 -0.903073 3
 0.589404 0.389752 1
 -0.581896 0.726554 2
 0.552904 -0.474715 2
 0.021210 -0.276772 4
 0.582263 0.739494 1
 0.571032 -0.659169 2
 0.243995 0.316019 1
 0.166356 0.836970 2
 0.701285 0.827143 1
 -0.725761 0.816950 2
 0.043489 0.894162 3
 0.155919 -0.292398 4
 -0.832942 -0.704520 1
 0.686209 0.047212 3
 -0.855708 0.610462 2
 -0.993835 0.278665 4
 0.017975 0.584521 4
 -0.555345 0.735160 2
 -0.040620 0.405988 4
 -0.853328 -0.496323 1
 0.727042 0.079501 3
 -0.152989 0.855892 4
 0.363689 0.085238 3
 0.225013 -0.067904 3
 -0.930723 -0.489914 3
 -0.720267 0.367168 2
 -0.813288 -0.160253 3
 0.161473 0.545213 1
 -0.760979 0.598071 2
 0.898129 -0.829585 4
 0.954405 0.021455 3
 -0.546373 -0.157750 1
 -0.783074 0.956236 4
 -0.444136 -0.678457 1
 -0.118686 -0.834101 3
 0.731376 -0.823908 2
 -0.612781 0.236549 2
 0.984985 -0.507981 4
 -0.886959 0.266335 4
 -0.438887 0.339457 2
 0.404828 0.528977 4
 0.225135 -0.320414 2
 -0.781732 -0.703726 1
 0.500961 -0.599475 2
 0.312601 -0.990661 4
 -0.696219 0.169469 2
 -0.069002 -0.016266 4
 0.404889 0.789178 1
 0.908628 0.838374 3
 0.165441 0.745170 3
 -0.857540 0.834101 4
 0.977905 -0.367351 4
 -0.636830 0.309671 2
 0.851619 0.149266 3
 -0.856136 0.403790 2
 0.580432 0.341838 1
 -0.913877 0.248451 4
 0.930357 -0.205298 4
 0.118137 0.823847 3
 -0.716788 -0.553148 1
 -0.155858 -0.340251 1
 0.176122 -0.274514 2
 0.882199 -0.426984 2
 -0.828181 0.683340 2
 -0.872555 -0.372967 1
 0.499374 0.827570 1
 0.879147 -0.498459 2
 -0.098666 0.327799 4
 0.767632 -0.539476 2
 -0.874020 -0.710074 3
 -0.579455 -0.895566 3
 -0.498825 0.784417 2
 0.804376 -0.904172 4
 -0.972411 -0.684500 3
 0.178747 -0.955199 4
 0.429792 0.420148 1
 0.602832 -0.257912 2
 0.600635 0.082064 3
 0.928587 0.927488 1
 0.879086 -0.348857 4
 -0.779229 0.780633 2
 0.596240 0.953185 3
 0.539964 0.322367 1
 -0.670644 -0.721305 1
 -0.974181 0.913327 4
 0.300089 0.939024 3
 -0.780084 0.037873 4
 0.354167 -0.925169 4
 0.562731 -0.439070 2
 0.961913 0.407575 3
 0.005097 -0.355571 4
 -0.325602 0.618580 2
 0.670095 0.511826 1
 0.475204 -0.954588 4
 -0.496750 -0.752251 1
 0.463546 0.381756 1
 -0.151830 -0.179785 3
 -0.692862 0.068636 4
 -0.113865 -0.487350 1
 0.902219 -0.935057 4
 0.875790 -0.045503 4
 -0.322184 0.683828 2
 0.131382 -0.064119 4
 0.982604 -0.816584 4
 0.677236 0.195898 1
 -0.009613 0.798883 4
 0.514634 -0.629872 2
 0.563524 0.903134 3
 -0.559923 -0.713248 2
 0.510361 -0.015778 4
 0.351848 0.797174 1
 0.674856 0.126499 3
 0.981933 0.329264 3
 0.295694 0.683401 1
 0.991516 0.351299 3
 0.072359 0.828608 4
 0.367534 -0.066744 3
 -0.623951 -0.325724 1
 0.056673 0.593005 3
 -0.957762 -0.357158 3
 0.776299 -0.384564 2
 0.182958 -0.220008 4
 0.937376 0.032075 3
 0.456038 0.697073 1
 -0.380718 -0.552721 1
 0.228980 -0.170507 4
 -0.467513 0.901242 4
 0.074923 0.699393 3
 -0.093478 -0.046297 3
 0.037873 0.869137 3
 0.242286 -0.820429 4
 0.105014 0.274270 3
 0.863948 0.261269 3
 0.323954 0.622852 1
 -0.789727 0.866146 4
 0.001373 -0.451704 4
 -0.199194 0.496994 2
 0.421918 0.203894 1
 0.815790 0.502731 1
 0.523240 -0.013764 4
 -0.773186 0.436323 4
 -0.033479 -0.924986 3
 -0.584277 -0.051790 2
 -0.961669 0.476852 4
 -0.780755 0.402142 2
 -0.177709 0.260109 4
 0.337138 -0.598621 2
 0.077853 -0.330973 1
 -0.959655 0.412641 4
 0.263161 -0.195593 2
 0.118992 0.674673 3
 -0.859188 0.557543 2
 0.004242 -0.419965 4
 0.402142 0.486129 1
 0.004852 0.717215 3
 -0.250832 -0.681021 1
 -0.405866 -0.240822 1
 0.871029 -0.223060 4
 0.684744 -0.611255 2
 -0.247902 0.397870 2
 0.829829 -0.554491 2
 -0.249916 0.053072 4
 0.287271 -0.517075 2
 0.880917 -0.157506 4
 0.884579 -0.076083 4
 -0.252052 -0.943724 3
 -0.377850 -0.999512 2
 -0.446272 0.890744 2
 0.952452 -0.332926 4
 0.630909 0.604724 1
 0.672109 -0.327006 2
 0.930113 -0.193823 4
 -0.634693 0.983764 3
 0.902829 -0.446150 4
 0.335063 -0.263894 2
 0.215674 -0.036042 4
 -0.039705 0.917356 4
 0.734794 -0.992615 4
 -0.583483 0.953124 4
 -0.783074 0.186743 4
 -0.303140 0.394330 2
 0.144993 -0.221473 4
 0.871700 -0.111789 2
 0.145970 -0.669424 2
 -0.476180 -0.377300 1
 0.428022 0.100253 3
 -0.702628 -0.569750 1
 0.674978 -0.878903 4
 0.496872 -0.259682 2
 0.834895 -0.413068 2
 -0.325175 0.565966 2
 0.241066 -0.761040 2
 -0.854610 0.713553 4
 0.502487 -0.555162 2
 -0.638966 0.403119 2
 -0.399030 0.656362 2
 0.089999 -0.514634 4
 -0.366558 0.933409 1
 -0.668203 0.444685 2
 -0.364299 -0.777581 1
 -0.090609 0.374187 4
 -0.074129 0.075655 4
 0.673391 -0.888485 4
 -0.594897 -0.500351 1
 0.257912 -0.278115 2
 0.252663 0.619861 1
 0.324625 0.516404 2
 -0.547166 0.849483 1
 0.232276 0.792779 1
 -0.408307 -0.750359 1
 0.069613 -0.513169 4
 0.360759 -0.231605 2
 -0.010712 0.921323 4
 -0.794916 -0.954161 3
 0.779595 0.839290 3
 0.553758 0.473861 1
 -0.387494 0.911313 3
 0.069246 -0.803461 4
 -0.095126 0.901852 1
 -0.645497 -0.259865 1
 -0.770135 0.683828 1
 -0.445845 0.958739 4
 0.217566 -0.711905 2
 -0.712027 -0.015595 3
 0.380596 -0.824213 2
 -0.646474 -0.131382 1
 -0.196570 0.920652 4
 -0.363689 0.602527 2
 0.632496 0.488693 1
 0.664113 0.203284 1
 -0.695853 0.303995 2
 -0.756645 -0.444929 1
 -0.550890 0.286294 2
 0.615467 -0.309061 2
 0.409467 0.048738 3
 0.569445 -0.796625 2
 -0.693106 0.443892 2
 -0.050203 0.472213 4
 -0.400739 -0.355632 1
 0.996033 0.395184 3
 0.062532 -0.053621 4
 -0.048433 0.311075 4
 -0.863765 0.483200 2
 -0.619678 0.800775 2
 0.569994 0.036592 3
 0.627125 0.055635 3
 -0.692495 -0.866756 3
 -0.139683 -0.501083 1
 -0.452437 -0.386151 1
 0.134373 -0.650746 2
 -0.082980 0.862300 4
 0.908872 -0.187231 4
 -0.304483 0.882565 4
 -0.537461 0.591479 2
 -0.972167 -0.589160 3
 -0.361064 0.395856 2
 -0.937254 -0.749687 3
 0.361919 -0.851375 2
 0.954344 -0.984191 4
 -0.642018 0.567797 2
 -0.335551 -0.523362 4
 0.523423 -0.184729 2
 -0.496017 0.684011 2
 0.372845 -0.099521 4
 -0.651173 0.071322 1
 0.008271 -0.475326 4
 0.470199 0.715079 1
 0.044160 0.054170 1
 0.914792 -0.057344 4
 0.927854 0.310160 2
 -0.626087 -0.524339 1
 0.091281 0.862789 3
 0.478500 -0.703848 2
 0.373089 0.515732 1
 0.456282 0.422468 1
 -0.853145 0.670583 2
 -0.908750 0.783074 4
 0.594653 0.257057 2
 0.920408 -0.624439 4
 0.561754 0.917600 2
 -0.393658 0.898373 4
 0.431990 -0.867367 2
 0.423811 0.042085 4
 -0.540819 0.975829 4
 0.796136 -0.370525 1
 -0.006439 0.184484 4
 -0.179418 -0.210425 3
 -0.960021 -0.765007 3
 0.719291 0.354961 1
 0.586230 0.109043 4
 -0.846553 -0.330668 1
 0.137181 0.438765 1
 -0.661794 -0.007599 3
 -0.105014 -0.281533 3
 0.896176 0.690054 3
 0.020234 -0.729667 4
 0.386029 -0.602771 2
 0.412824 0.651234 1
 0.445418 0.340983 1
 0.450362 0.188574 1
 0.483688 0.011078 3
 -0.879818 0.332987 4
 -0.136631 -0.634327 3
 0.984741 -0.486007 4
 -0.492599 0.760186 2
 0.414777 -0.812067 1
 0.869564 0.785272 3
 -0.468612 -0.235511 1
 0.205603 -0.796258 4
 0.291177 0.099399 2
 -0.916990 -0.828242 3
 0.154088 0.241493 3
 -0.933775 0.932737 4
 -0.229347 0.120884 4
 -0.485031 0.171789 2
 0.126499 -0.134129 4
 0.434065 -0.782342 2
 -0.419233 0.436934 2
 -0.689566 0.279763 2
 0.237342 0.263649 1
 -0.122532 0.907773 4
 0.084933 0.574145 3
 -0.259255 0.861568 4
 0.344829 -0.897763 4
 0.806146 0.578845 2
 0.462447 0.862239 1
 -0.554552 0.427717 2
 0.181616 -0.323710 2
 0.337931 0.932066 3
 -0.862239 -0.855342 3
 0.925047 -0.843013 4
 -0.590930 0.743461 2
 0.416181 -0.557787 2
 -0.539354 -0.260170 1
 0.282449 -0.330058 2
 0.922422 0.610523 3
 0.176672 -0.743767 4
 0.635304 0.651967 1
 0.215796 0.052034 3
 -0.594958 -0.530747 1
 -0.434797 0.341716 2
 -0.099582 -0.968200 4
 0.260292 -0.872738 4
 -0.866573 -0.017548 3
 0.204566 0.885006 1
 -0.040925 0.888180 4
 0.280496 -0.018220 4
 -0.968139 0.119724 4
 -0.488449 0.940062 4
 -0.342204 -0.952025 2
 -0.787591 -0.263100 1
 0.976928 0.243507 3
 0.064608 0.326640 3
 -0.083224 -0.631947 3
 -0.944029 -0.427046 3
 -0.647877 0.445051 2
 0.220557 0.778985 1
 0.909421 -0.804376 4
 0.116855 -0.997620 4
 -0.146947 0.130161 4
 -0.018036 0.343730 2
 0.491806 0.079318 3
 -0.501205 0.393597 2
 -0.458541 -0.144505 1
 0.114414 0.029023 3
 -0.117283 0.729972 4
 0.846065 -0.256142 4
 0.150426 -0.585925 2
 0.513596 0.702445 1
 0.593127 0.231910 1
 -0.665029 -0.296854 1
 0.638844 0.171606 1
 -0.177526 0.239723 4
 0.606006 -0.496445 2
 -0.083041 0.847591 4
 0.996033 -0.347880 4
 0.298624 0.923032 3
 -0.194250 -0.991333 3
 0.810114 -0.797479 4
 -0.703482 0.374065 2
 -0.068880 -0.910520 3
 0.658254 0.716971 1
 0.241310 0.016449 3
 0.004913 0.936277 3
 -0.191870 -0.970397 3
 0.140355 0.315165 1
 0.439070 -0.216041 2
 -0.469832 -0.646352 1
 0.733818 -0.864376 4
 0.919431 -0.331950 4
 0.875118 0.519700 1
 -0.969359 0.643605 3
 -0.904599 0.300211 4
 -0.216712 -0.470687 1
 0.756706 0.281167 1
 0.468612 0.661367 1
 -0.019135 0.564440 4
 -0.680044 0.502609 2
 0.768914 -0.057161 4
 -0.085055 0.186438 3
 -0.454451 0.016694 4
 0.846980 0.252113 3
 0.066927 0.219214 3
 0.103916 -0.741752 1
 0.629749 -0.059114 4
 0.591357 0.963927 3
 0.517991 0.938169 3
 0.237770 -0.237770 3
 -0.374248 0.214881 2
 -0.880734 -0.943236 3
 0.193579 0.564562 1
 -0.958556 0.265664 4
 0.595080 0.959105 3
 0.015717 -0.856990 4
 0.111911 -0.026154 4
 -0.932554 -0.896420 3
 0.635365 0.434614 1
 -0.185888 0.239479 4
 0.229835 0.475143 1
 0.250099 -0.285012 2
 0.498215 -0.808039 3
 -0.823969 0.228553 4
 0.685049 0.084872 3
 0.710623 0.228309 1
 0.455672 0.469466 1
 -0.679006 0.569018 4
 0.288369 0.050264 3
 0.811640 -0.702200 4
 -0.582263 0.841426 2
 -0.293985 -0.743156 1
 0.265969 -0.377483 2
 0.462020 0.189306 1
 -0.700186 -0.883114 3
 0.955382 0.036653 3
 -0.748527 -0.919431 3
 -0.328654 -0.884091 3
 0.639393 -0.511887 2
 -0.959838 -0.138035 3
 -0.471908 -0.995666 3
 0.354839 -0.175451 2
 -0.536607 0.928587 4
 0.708304 0.606555 1
 0.520981 -0.201697 2
 -0.612171 0.431196 3
 -0.594409 0.841792 2
 0.163793 -0.974670 4
 -0.460860 -0.535447 1
 0.910581 0.507370 3
 -0.926389 0.959655 3
 0.996826 0.965392 3
 -0.231910 -0.373150 1
 -0.117161 0.415693 4
 0.666128 -0.509140 2
 -0.637074 -0.173559 1
 -0.488510 -0.196448 1
 0.888852 0.896115 1
 -0.160009 -0.480575 1
 0.413495 -0.727531 2
 0.683828 -0.068758 4
 0.191565 0.901608 3
 0.827570 -0.347026 2
 -0.025483 0.192114 4
 0.552110 -0.861812 2
 -0.962340 -0.315714 3
 0.803888 0.921201 4
 -0.523118 -0.090121 3
 0.728446 0.767815 1
 0.212256 -0.868709 4
 -0.496323 -0.075594 3
 0.136082 -0.353008 2
 -0.587817 -0.348186 1
 -0.156652 0.350688 2
 0.088839 0.231910 3
 0.381390 0.232276 1
 0.881954 -0.365825 4
 0.456648 0.507370 4
 -0.734794 0.030488 1
 0.536119 0.063265 3
 0.237831 -0.655873 2
 -0.719657 -0.090854 3
 0.650319 0.022614 3
 0.746941 -0.683035 2
 -0.606311 0.219642 2
 -0.200354 -0.657582 1
 -0.610096 -0.424726 1
 0.163732 0.410932 1
 0.319437 0.781182 1
 0.561571 -0.341411 2
 0.025788 -0.881832 4
 -0.630726 0.714042 3
 -0.467208 -0.845332 2
 -0.770501 -0.390606 1
 -0.387432 0.792108 2
 0.058992 -0.492477 4
 -0.157994 -0.154515 3
 -0.111911 -0.066744 3
 0.084994 -0.652577 4
 -0.029756 -0.804071 4
 -0.662343 0.761284 2
 -0.402264 -0.308878 1
 -0.124973 -0.707327 3
 -0.937437 0.768242 4
 -0.364910 0.486007 2
 0.199316 0.852474 3
 0.779412 0.293008 1
 0.947142 -0.491806 4
 -0.633595 -0.197241 1
 -0.630970 -0.869076 1
 0.076205 0.818232 3
 -0.433882 0.955992 4
 0.922788 -0.532090 4
 0.922971 -0.929380 4
 -0.107395 0.041536 4
 -0.876949 -0.881405 3
 0.446577 0.233985 1
 0.371563 -0.617969 2
 -0.178137 -0.011750 3
 -0.738090 0.931272 4
 -0.926450 -0.876827 3
 -0.275124 0.527573 2
 0.790460 -0.066378 4
 -0.502915 0.967833 4
 -0.574816 -0.048982 2
 -0.453352 0.557909 2
 0.175085 -0.948363 4
 0.893063 0.402264 3
 -0.649342 0.099765 4
 0.259377 -0.802179 2
 0.170446 -0.686453 2
 0.993957 0.219153 2
 0.919065 -0.458480 2
 0.698904 0.182165 1
 -0.594226 0.636036 2
 0.003388 0.674917 3
 0.661672 0.112217 3
 -0.081088 -0.158483 3
 -0.187597 0.279763 2
 0.214087 -0.991577 4
 -0.935789 -0.965514 3
 0.246132 -0.061434 4
 0.740898 0.497909 1
 0.687613 -0.597461 2
 -0.691214 0.691580 2
 -0.415632 0.753777 2
 0.328104 0.434431 1
 -0.816156 -0.805658 3
 -0.733634 0.650319 2
 0.969726 0.421125 3
 0.114475 0.272683 3
 -0.658864 -0.663503 1
 0.738823 -0.064974 4
 -0.625233 0.514695 2
 0.911252 -0.366314 4
 -0.894589 -0.891903 3
 -0.049104 -0.449263 3
 -0.236061 -0.116123 3
 -0.082492 0.224708 4
 0.410260 -0.924436 4
 -0.707144 -0.743522 1
 0.397565 0.739799 1
 -0.912351 0.737663 4
 0.106540 0.303629 3
 0.312357 0.589038 1
 -0.613269 0.991089 4
 0.748222 -0.002716 4
 0.141942 -0.183874 4
 -0.043245 0.136082 4
 0.498276 0.829707 1
 0.465316 0.360149 1
 0.990905 0.307352 3
 0.065218 -0.940245 4
 0.209021 -0.432966 2
 -0.838435 -0.637501 2
 0.334025 0.102390 3
 0.110874 0.870357 3
 0.010834 0.720023 3
 0.483932 -0.380840 2
 0.987976 -0.631458 4
 -0.806879 -0.550951 1
 -0.034883 -0.653554 3
 -0.580126 0.971557 4
 0.084994 0.576098 3
 -0.720084 -0.677786 1
 -0.492538 -0.368267 1
 0.165502 0.886410 3
 -0.497116 -0.790887 1
 -0.300394 0.184240 2
 -0.497421 0.724052 2
 -0.757866 -0.895810 3
 -0.455733 0.726737 2
 0.883480 -0.328837 4
 -0.451277 0.820856 2
 -0.136021 0.537584 2
 -0.133335 -0.226417 3
 -0.642506 0.384198 2
 0.532456 -0.495468 2
 -0.445296 0.419477 2
 -0.338054 -0.358745 1
 -0.014801 -0.837031 3
 0.433332 0.328532 1
 -0.984741 -0.297830 3
 -0.913877 -0.020966 4
 -0.540819 0.609180 2
 -0.621326 -0.346904 1
 0.240761 0.705130 1
 -0.061007 0.754631 3
 -0.956297 0.859798 4
 -0.051729 -0.268777 3
 -0.112461 -0.986267 3
 -0.406171 0.465377 2
 0.566698 -0.389264 2
 0.728874 0.044832 3
 -0.109470 -0.372234 3
 0.177099 0.599170 1
 -0.338115 0.390240 3
 -0.881039 0.890378 4
 -0.669424 -0.640309 1
 0.998108 0.345073 3
 0.261391 -0.917966 4
 -0.616321 -0.784967 1
 -0.448592 -0.516892 1
 0.228675 -0.445173 2
 0.337260 0.699332 1
 -0.040986 0.702689 4
 0.526719 0.631336 1
 -0.167028 -0.046724 3
 0.894345 0.407575 3
 0.007050 0.109348 1
 0.477645 -0.054415 4
 -0.252968 0.599536 2
 0.211829 0.798456 3
 -0.779717 -0.150121 3
 0.739860 0.473800 1
 -0.691580 -0.402264 1
 -0.663930 -0.586962 3
 0.876400 0.833369 3
 -0.119358 0.818598 4
 -0.063814 0.058504 4
 0.822260 0.515427 1
 0.142918 -0.450911 2
 -0.933836 -0.963866 3
 -0.939879 0.309061 3
 0.726737 -0.884152 4
 -0.367840 -0.597217 1
 0.678823 0.784478 1
 -0.699026 0.354839 3
 -0.150548 -0.755486 3
 0.205481 0.302347 1
 0.183935 -0.278420 2
 0.899594 0.590197 3
 0.225867 0.474654 1
 -0.971801 0.493759 4
 -0.752495 0.154393 4
 -0.603015 0.759209 2
 0.869198 0.696341 3
 0.874569 0.647023 3
 0.103244 -0.063143 4
 0.564013 -0.833125 2
 0.762627 -0.860469 3
 0.681753 0.192236 1
 -0.830683 -0.381451 1
 0.580676 0.139988 4
 -0.898495 -0.352092 3
 -0.644765 -0.094516 3
 -0.083712 -0.157079 1
 -0.533677 -0.262246 1
 0.785699 0.201941 3
 0.823115 0.744621 3
 0.983642 0.995972 3
 -0.240883 -0.286843 1
 -0.838801 0.692679 2
 0.340861 0.935362 3
 -0.452620 -0.895627 1
 0.445540 -0.276284 2
 0.013215 0.944884 4
 0.045991 -0.692801 4
 -0.063021 -0.015534 3
 0.140294 -0.207556 4
 0.807489 0.990539 3
 -0.237098 0.879452 4
 -0.497238 -0.360027 1
 -0.483993 -0.981445 3
 -0.817072 -0.407514 1
 -0.942625 0.696768 4
 -0.267067 0.911069 4
 0.982971 0.539048 3
 0.694021 -0.982360 4
 0.541368 -0.084445 4
 0.620838 0.372234 1
 -0.381695 0.738762 4
 -0.197790 0.060640 4
 0.427534 0.139866 1
 0.282083 -0.518662 2
 -0.653493 0.712027 2
 0.119114 -0.683218 4
 0.334269 0.006928 3
 -0.178137 -0.022431 3
 0.368511 -0.026765 4
 -0.102206 0.706351 4
 0.340007 0.023530 3
 -0.547960 -0.469955 1
 -0.158605 0.417951 3
 0.775628 -0.752983 2
 -0.711966 -0.348308 1
 -0.141697 -0.363628 1
 -0.191565 0.533738 2
 -0.234046 -0.921873 3
 0.341533 0.644765 1
 0.817499 -0.229225 4
 0.378582 -0.138890 4
 0.500778 -0.266274 2
 -0.212500 0.633229 2
 -0.935545 -0.217139 3
 0.155980 -0.295389 4
 -0.277444 0.666066 2
 -0.907773 0.960814 4
 -0.590075 0.545946 2
 -0.080050 0.093539 4
 -0.973449 0.018891 4
 0.205542 0.770135 1
 -0.893124 0.855342 4
 -0.445479 0.992981 4
 -0.146947 -0.348735 1
 0.115574 -0.661061 4
 -0.531724 0.576952 4
 0.228187 -0.235267 2
 -0.270608 0.410688 2
 0.653432 0.666066 1
 0.734062 0.045686 3
 -0.176611 0.878414 4
 -0.237709 -0.343364 1
 -0.451949 0.306864 2
 0.188269 -0.285989 2
 -0.383404 -0.128025 1
 -0.619922 -0.966124 3
 0.730766 0.459822 1
 -0.473617 0.050081 4
 0.207617 -0.436811 2
 0.324808 0.496261 1
 -0.110202 -0.697928 3
 -0.527512 -0.313639 1
 0.699515 0.510239 1
 -0.105747 0.579638 4
 -0.724723 0.575549 2
 -0.353557 -0.181738 1
 -0.872005 -0.277566 3
 -0.565538 0.925718 4
 -0.246132 -0.577441 1
 -0.319071 0.852168 2
 0.141758 -0.378094 2
 0.081759 -0.944700 4
 0.113193 0.472335 1
 -0.411176 -0.695914 2
 -0.068697 -0.746269 2
 -0.245094 -0.608081 1
 -0.383160 0.176244 2
 -0.619678 0.948302 4
 0.409223 -0.252602 2
 -0.602771 0.535020 2
 -0.191137 -0.605518 1
 -0.069918 0.215308 3
 0.639760 0.027436 3
 0.469100 0.783380 1
 -0.431501 0.231300 2
 -0.905454 -0.159276 4
 -0.481613 0.774590 2
 -0.310343 -0.091159 3
 -0.585070 -0.878536 1
 -0.921079 0.763482 4
 -0.298379 0.636464 2
 -0.970458 -0.820368 3
 -0.938108 0.166051 4
 -0.945494 0.274270 4
 0.786615 0.688833 1
 0.952757 -0.366314 4
 0.222388 0.718070 1
 -0.974120 0.414106 4
 -0.259194 -0.853694 2
 0.908567 0.602100 3
 0.663381 -0.781121 2
 0.948180 0.622608 3
 0.581896 0.323466 1
 -0.925596 0.482589 4
 -0.489547 -0.716117 1
 -0.906186 0.636647 4
 -0.692862 -0.154576 1
 -0.652394 -0.236854 1
 -0.197424 0.038484 4
 -0.329569 -0.361614 1
 0.073275 0.109287 3
 -0.412519 0.295145 2
 0.296670 0.704031 1
 -0.312601 -0.345683 1
 0.626087 -0.005341 4
 -0.892087 0.816950 4
 0.522385 -0.566393 2
 -0.926695 -0.796869 3
 0.980285 0.824824 3
 -0.580859 0.727287 4
 -0.913266 0.398480 4
 0.043306 -0.805475 4
 -0.651051 0.577563 2
 0.220191 0.108798 3
 -0.771050 -0.876766 3
 -0.284158 -0.922666 3
 -0.676565 0.346232 2
 0.641041 0.001312 3
 -0.375103 0.072481 4
 -0.019684 -0.761711 3
 0.302896 -0.949583 4
 -0.265358 0.925535 4
 0.441877 0.486435 1
 0.614063 -0.349712 2
 -0.826044 0.397259 2
 0.219398 -0.343974 2
 0.643422 0.466597 3
 -0.350627 0.770745 2
 -0.759331 0.092135 4
 -0.528977 0.245338 2
 0.543809 -0.687674 2
 0.991089 0.690237 3
 0.403851 -0.700491 2
 -0.234962 -0.703360 1
 -0.387127 0.106296 1
 -0.716788 0.530747 2
 0.591052 0.354228 1
 -0.231300 -0.512131 1
 -0.469283 0.550523 2
 0.026887 0.094333 3
 0.435896 0.722037 1
 -0.716727 -0.655385 1
 0.492355 0.052339 3
 0.946837 -0.238746 4
 -0.791681 -0.789178 3
 -0.763604 -0.735893 1
 0.762139 -0.939573 4
 0.608814 0.638661 1
 -0.006317 0.431623 3
 0.924009 -0.211951 4
 -0.521104 0.650624 2
 0.287027 0.958922 3
 0.122837 -0.491012 2
 0.502609 0.126560 1
 0.710440 0.361858 1
 -0.919126 0.728141 4
 0.851558 -0.957396 4
 0.731498 0.931272 3
 0.758110 0.282144 1
 0.282754 0.624500 1
 0.290506 0.318094 2
 -0.034944 -0.681082 3
 0.711600 -0.615467 2
 0.994507 -0.853328 1
 -0.415387 0.767388 2
 0.394696 0.144993 1
 0.253700 0.113132 3
 0.995056 0.012543 3
 0.343120 -0.319681 2
 -0.458785 -0.473434 4
 0.714774 -0.781365 2
 0.857662 -0.192846 4
 -0.681143 0.165380 2
 0.997070 0.616504 3
 -0.622303 0.844966 2
 -0.683157 -0.118442 3
 0.338298 -0.639515 2
 0.418134 -0.373882 2
 -0.967650 -0.135655 1
 -0.114231 0.501083 2
 -0.519089 0.894223 2
 0.766533 0.099338 3
 0.780511 -0.535936 2
 0.723258 -0.756157 2
 -0.490768 -0.403790 1
 0.802240 -0.564379 2
 0.090121 0.981933 2
 -0.248878 -0.350871 1
 -0.451765 0.458846 2
 0.825617 -0.336406 2
 0.100620 -0.007782 4
 -0.978759 0.115818 4
 0.015229 -0.152501 4
 -0.330546 0.464522 2
 0.177099 0.641896 1
 0.333048 -0.949156 4
 0.799249 0.962035 3
 0.941282 0.445601 3
 -0.284951 0.236183 2
 0.100070 0.267678 3
 0.691031 -0.452803 2
 0.515427 0.663625 1
 -0.804559 0.074862 4
 -0.532151 0.634632 2
 0.062716 -0.145909 4
 -0.724845 0.398236 2
 0.488998 0.537950 1
 -0.319254 -0.026582 3
 0.797418 0.850826 3
 -0.894833 -0.824702 3
 0.410871 0.421674 2
 0.699087 -0.792352 2
 -0.531297 0.683218 2
 0.133396 -0.959349 4
 -0.474288 0.524644 2
 -0.933592 0.761162 4
 -0.229225 -0.613697 1
 -0.776666 -0.916807 3
 0.202124 -0.516709 2
 -0.973083 -0.793695 4
 0.197729 -0.155065 4
 -0.283547 0.208594 2
 -0.082858 -0.141453 3
 0.892392 0.162755 1
 0.973388 -0.995422 4
 0.424116 0.162389 1
 -0.188635 0.470931 2
 0.659108 -0.554369 2
 0.231117 -0.667348 2
 -0.130345 0.804010 4
 0.493210 0.987182 3
 0.875729 0.464095 1
 -0.556749 0.529099 2
 -0.218970 -0.370586 1
 -0.906064 0.755730 4
 0.759941 -0.130345 2
 0.101108 -0.512558 2
 -0.167455 -0.454695 1
 -0.427778 -0.106967 1
 -0.434187 -0.545152 1
 -0.355754 0.505844 2
 -0.362590 0.892148 4
 0.268654 0.619190 1
 -0.799005 0.301370 1
 0.640675 -0.252113 2
 -0.010529 -0.282571 3
 0.710807 0.843989 3
 0.093905 -0.821345 4
 -0.784112 -0.046419 3
 -0.644093 0.299783 2
 -0.332560 0.002838 4
 0.310831 -0.807489 2
 0.733451 -0.599719 2
 -0.380963 -0.078341 3
 0.453719 -0.857173 2
 -0.076693 0.683218 4
 0.723685 -0.886349 4
 -0.931211 -0.106845 3
 -0.514512 -0.741508 2
 0.625050 0.374004 1
 -0.936033 0.328654 4
 0.644704 0.825556 1
 0.084140 -0.122227 4
 0.599353 0.769768 1
 -0.591479 0.200232 2
 -0.572069 0.154393 2
 -0.468673 -0.101962 1
 0.636219 -0.194678 2
 -0.132420 -0.235389 3
 -0.615955 -0.086764 3
 -0.626453 0.671987 2
 -0.500595 0.743767 2
 0.937559 0.149937 3
 -0.645436 0.757012 2
 0.976928 -0.656484 4
 0.543992 0.325114 1
 0.680349 -0.962584 4
 0.299600 0.235206 1
 0.331645 0.433882 1
 -0.417035 -0.835505 1
 -0.846675 -0.627857 4
 -0.210364 -0.684194 4
 0.107212 -0.322855 4
 0.005036 0.400861 3
 0.089084 0.324076 2
 -0.251808 -0.841731 3
 0.956420 0.106906 3
 -0.858577 0.595141 2
 -0.175451 0.498886 1
 -0.556505 0.137303 2
 0.070589 0.391339 3
 -0.116855 0.878903 4
 -0.518601 -0.600940 1
 -0.268838 -0.884213 3
 0.984069 -0.580187 3
 -0.451765 0.352702 2
 0.395306 -0.865230 2
 0.546007 0.969115 3
 0.628773 -0.861446 2
 -0.001068 -0.265542 3
 0.795770 0.384808 1
 -0.355510 0.357524 2
 -0.360881 -0.363506 1
 -0.991089 -0.741874 3
 -0.264260 0.607288 2
 0.596728 -0.249611 2
 -0.093356 0.481491 4
 0.880306 0.821894 3
 0.271401 0.501083 1
 0.028657 -0.300638 4
 -0.615467 0.305948 2
 0.311014 0.386517 1
 -0.108310 0.716300 4
 0.114475 -0.638234 4
 0.142491 0.643056 1
 -0.488021 0.624195 2
 0.198218 0.815485 3
 0.318644 -0.726005 2
 -0.328715 0.012360 4
 0.574145 -0.183508 2
 -0.165319 0.484420 2
 0.387982 0.375164 1
 -0.562304 0.256142 2
 -0.914243 -0.996765 3
 0.666982 0.993286 3
 0.593982 -0.719718 1
 0.688955 -0.875057 4
 0.999817 -0.619251 4
 -0.787774 0.907102 4
 -0.774957 -0.196081 3
 -0.492782 -0.886105 1
 0.750603 -0.049837 4
 -0.680776 0.047212 4
 -0.671316 0.733573 2
 -0.885067 0.548326 2
 0.621693 -0.583972 2
 0.097507 -0.297891 4
 0.703482 -0.147130 2
 -0.571032 0.919797 4
 -0.637684 0.334696 2
 -0.902646 -0.912046 3
 -0.858577 0.215491 4
 -0.134556 0.472030 2
 0.055391 -0.487289 4
 0.739433 0.060152 3
 0.920286 0.668142 3
 -0.605640 0.037080 4
 -0.766106 0.655507 3
 -0.005585 0.073702 4
 0.545335 0.624256 1
 -0.155431 -0.879086 3
 -0.751335 -0.734733 1
 -0.687307 -0.605457 1
 -0.257973 -0.912717 3
 0.458052 0.239540 1
 -0.114719 -0.209815 3
 0.804315 0.560289 1
 -0.302103 -0.075655 3
 -0.305094 -0.495102 1
 -0.768731 -0.977966 3
 -0.332072 0.091159 2
 0.554979 -0.610645 2
 0.287881 -0.539109 2
 -0.206519 -0.254616 1
 0.871639 0.451155 3
 0.151524 -0.103183 4
 -0.452864 0.169103 2
 -0.135044 0.635304 2
 -0.918577 0.258583 4
 0.014801 0.044771 3
 0.915098 0.545091 4
 0.142430 0.406476 1
 -0.158116 0.747490 4
 0.602832 0.888913 3
 0.770501 -0.056185 4
 -0.406598 0.211097 2
 0.005219 0.478072 3
 -0.203284 0.465316 2
 0.484054 -0.003876 4
 0.573290 0.287759 1
 -0.588733 0.298074 2
 0.643056 0.564440 1
 -0.277749 0.694388 2
 -0.807489 0.859554 4
 -0.182836 0.553514 2
 0.345561 -0.245827 2
 -0.997436 0.728385 1
 0.934080 -0.717460 1
 -0.923154 0.549486 4
 0.507920 0.653554 1
 -0.501938 0.071383 4
 -0.479843 -0.555467 1
 0.571032 0.261391 1
 0.625538 -0.544053 2
 0.091769 0.816218 3
 -0.970153 -0.587024 1
 -0.113559 0.295755 2
 0.827876 -0.297220 2
 -0.318155 0.260659 2
 -0.733879 -0.666066 1
 0.746086 0.100986 3
 -0.129490 0.306742 4
 0.735893 0.244118 1
 0.372967 -0.419843 2
 0.188513 0.428694 1
 0.377606 -0.174841 2
 0.095798 0.732963 3
 0.702445 -0.850398 2
 0.997681 0.044160 3
 -0.666189 0.983886 4
 -0.967528 -0.343181 3
 -0.067660 0.314005 4
 -0.617542 0.687735 4
 -0.173376 -0.549974 1
 0.550462 0.994446 3
 -0.567064 -0.482894 1
 -0.093295 0.285440 4
 0.038423 0.856258 4
 -0.057527 -0.890744 3
 -0.115635 0.523362 2
 -0.331584 0.410016 2
 -0.511277 0.073275 4
 0.594531 -0.663869 2
 0.143712 -0.183935 4
 -0.270058 -0.008087 3
 0.526658 0.734123 1
 -0.959960 0.816523 4
 -0.637806 0.246071 2
 -0.202673 -0.719779 1
 -0.927549 -0.993103 3
 -0.734916 -0.415387 1
 0.352641 0.929991 3
 0.150060 0.053499 3
 0.610462 -0.380963 2
 0.262612 -0.096408 4
 0.206153 -0.601245 2
 0.820917 0.080844 3
 -0.569323 0.129734 2
 0.837458 -0.148778 1
 0.159825 -0.003815 4
 0.025300 -0.167333 4
 -0.878658 -0.545824 1
 -0.339152 -0.844111 1
 0.713553 0.527146 1
 -0.158483 -0.558153 1
 0.310953 0.636647 1
 0.575243 -0.717277 2
 -0.002716 -0.843989 3
 -0.860225 -0.085421 3
 -0.339640 -0.126072 3
 -0.851192 -0.230934 3
 -0.611438 -0.444441 2
 -0.237465 0.591113 2
 0.105258 -0.210974 2
 0.480392 0.810907 1
 0.379254 0.304727 1
 -0.046541 0.856990 4
 0.348064 0.954283 3
 0.253822 0.098544 3
 0.692801 0.537523 1
 -0.962096 0.103854 4
 -0.399762 -0.335246 1
 -0.957030 -0.097262 3
 -0.348308 -0.158666 1
 -0.648000 -0.059603 3
 -0.425520 -0.037751 3
 -0.133702 0.410260 2
 0.794488 0.405316 1
 -0.577441 0.653188 1
 -0.273110 -0.091891 3
 0.991577 -0.689688 4
 -0.257179 -0.581164 1
 0.396832 -0.082125 4
 -0.250832 0.106784 4
 -0.009735 -0.369854 3
 -0.680960 -0.279885 1
 -0.277993 -0.240211 1
 -0.689138 0.479598 2
 -0.957274 -0.178930 3
 -0.087069 0.694327 4
 0.075167 -0.234840 4
 -0.948668 -0.712210 3
 -0.507309 0.094333 1
 -0.900937 -0.577929 3
 -0.457320 0.542039 2
 0.822382 0.406354 1
 -0.348308 -0.992737 3
 0.504135 0.078402 2
 -0.949889 -0.569201 3
 -0.820307 0.846919 4
 -0.145909 0.299112 4
 -0.076083 -0.419721 1
 -0.958251 0.465865 4
 0.126011 0.531724 1
 0.761650 -0.023286 4
 0.690725 -0.514084 2
 -0.589587 0.585803 2
 -0.897641 0.316874 4
 0.918149 -0.349162 4
 0.290201 0.142674 3
 0.677175 0.094943 3
 0.231056 0.265664 1
 -0.445906 0.121982 2
 0.228919 -0.914487 4
 0.420759 -0.626148 2
 0.807184 0.172094 3
 0.641713 -0.783807 2
 -0.848628 -0.314066 1
 0.957579 -0.159337 4
 -0.958800 0.334391 4
 0.199072 -0.128880 4
 -0.792840 0.049776 4
 0.271340 -0.838557 4
 -0.948790 0.578295 4
 0.845210 0.471908 1
 -0.331889 0.165990 2
 0.192602 0.711905 1
 -0.895199 -0.469466 1
 -0.395428 -0.562853 1
 -0.204260 -0.694937 1
 -0.171545 -0.712394 1
 -0.888607 0.142491 4
 0.962035 0.054842 3
 0.958068 -0.332560 4
 0.242470 -0.934629 4
 -0.635365 -0.536729 1
 -0.832942 -0.431745 1
 -0.003021 0.281838 4
 0.384014 -0.186010 2
 0.534104 0.663320 1
 -0.210974 0.512070 2
 -0.154332 -0.846187 3
 0.268227 -0.644704 2
 0.908017 -0.692068 1
 0.521348 0.297952 4
 -0.604602 -0.335734 1
 -0.594348 0.275002 2
 0.885128 -0.119358 4
 -0.763665 -0.949217 3
 0.612842 -0.782403 2
 0.481796 0.883724 1
 0.716849 0.556566 1
 -0.709769 -0.305338 1
 0.907407 0.140538 3
 0.286966 0.427656 4
 -0.500290 0.225806 2
 0.077364 0.288430 3
 0.748161 0.830256 3
 -0.104221 0.550035 2
 -0.582507 -0.232765 1
 0.835139 0.612110 1
 0.531358 -0.847224 2
 0.097140 -0.998413 4
 -0.766961 -0.428449 3
 -0.301309 -0.997559 3
 0.697378 0.091891 3
 0.073580 -0.398297 4
 -0.969115 -0.685171 1
 0.005524 -0.560839 4
 -0.902097 -0.353069 4
 -0.668752 0.449202 1
 0.209387 -0.017914 4
 -0.149754 0.880612 4
 -0.386700 0.981811 4
 0.879452 0.383526 1
 0.722648 0.140416 3
 0.889279 0.849910 3
 0.019562 0.822932 3
 -0.339824 -0.304605 4
 -0.427168 0.462874 2
 0.395367 -0.729362 2
 -0.894345 0.108066 4
 0.228248 -0.911924 4
 0.552538 0.501450 1
 0.562426 0.553331 1
 -0.959166 0.884518 4
 -0.319498 0.887936 4
 -0.763237 -0.289102 1
 -0.939634 -0.069308 3
 0.991455 -0.542344 4
 -0.164159 0.505661 2
 -0.774773 0.721915 2
 0.839473 0.043916 3
 -0.011628 -0.210608 3
 0.664663 0.147008 1
 -0.365642 0.864559 2
 -0.814814 -0.221229 3
 -0.955687 -0.853450 3
 0.968749 0.774041 3
 -0.160253 -0.058016 3
 0.022980 -0.648915 4
 0.520859 -0.000763 4
 0.310831 0.315653 1
 -0.531846 0.253578 2
 -0.527207 -0.356792 1
 0.745415 0.169530 3
 0.194311 0.128758 3
 -0.360271 0.868587 2
 0.653981 -0.210486 2
 -0.121189 -0.770501 3
 0.492904 -0.290628 2
 -0.539781 0.149205 2
 -0.260353 -0.987487 3
 -0.967650 -0.849788 3
 -0.869503 -0.346904 3
 -0.236793 0.524644 2
 -0.738334 0.708975 2
 0.634999 -0.800348 2
 -0.989319 0.866573 4
 0.102206 -0.486007 2
 0.665273 0.785333 1
 0.050386 -0.908628 4
 0.196387 0.027863 3
 0.992920 0.999878 3
 0.113620 0.244301 3
 0.444197 0.383038 1
 -0.660268 -0.701956 1
 -0.594714 0.751946 2
 -0.457381 0.020356 4
 0.901364 0.124485 3
 0.361553 0.281594 1
 -0.494003 0.200110 2
 0.965575 0.065767 3
 -0.206946 0.756767 2
 0.381268 0.237465 1
 0.650258 0.458357 1
 0.027863 0.686636 3
 -0.605762 0.259987 4
 0.896481 0.540330 1
 0.624195 0.597766 1
 0.811640 0.128574 3
 -0.249550 0.552049 2
 0.212439 -0.608936 2
 0.137120 0.170202 3
 -0.109531 0.413129 2
 -0.204810 0.137181 4
 -0.877743 0.778008 4
 0.563707 -0.018464 4
 -0.365886 -0.576891 3
 -0.282876 -0.996033 3
 -0.163915 -0.312296 1
 0.935911 -0.884518 4
 0.763237 -0.760918 2
 0.577258 -0.225684 2
 0.161046 -0.434004 2
 0.185339 0.206702 3
 0.153722 0.725028 3
 -0.824030 -0.898556 3
 0.930906 0.028901 3
 0.635670 0.964110 3
 -0.107944 0.364055 4
 0.170568 -0.681387 2
 0.685598 0.823542 1
 0.744438 -0.055330 2
 -0.420637 -0.655080 1
 -0.558092 0.337382 2
 -0.398785 0.038972 4
 -0.904599 0.576830 4
 -0.113620 0.897519 4
 0.712271 -0.203894 2
 0.669485 0.567370 4
 -0.359233 -0.566454 1
 -0.641774 -0.121189 2
 -0.588183 -0.541551 4
 0.127354 0.814692 3
 0.193396 0.756218 1
 0.468856 0.609119 1
 -0.203528 -0.138279 3
 -0.863033 -0.338115 1
 0.168798 -0.772332 4
 0.925840 0.957701 4
 -0.685415 -0.784600 1
 0.715262 -0.324381 2
 -0.422468 0.996094 4
 0.225196 0.678762 1
 0.224464 0.549425 1
 -0.086642 0.569262 4
 -0.732658 0.947874 4
 -0.544115 -0.002350 3
 0.461287 -0.887265 2
 -0.753288 0.913938 4
 0.415326 0.231605 1
 0.354656 0.446516 1
 -0.245521 0.021882 4
 -0.625538 0.099155 4
 -0.730094 0.031220 4
 -0.389508 -0.049776 3
 0.994873 0.159093 3
 -0.970763 0.544359 4
 -0.856441 -0.410504 1
 0.419599 0.162572 1
 0.851741 0.320902 1
 0.196997 0.159093 3
 -0.345561 0.481429 2
 -0.710074 0.051851 4
 -0.359722 -0.383343 1
 0.546251 -0.945494 4
 -0.781182 -0.862239 3
 0.095859 -0.262795 4
 0.438581 0.116977 4
 -0.891659 0.504074 2
 0.793451 -0.381512 2
 -0.617176 0.574206 2
 -0.545274 -0.248085 4
 -0.793207 0.154515 4
 0.867183 0.635975 1
 0.922361 -0.509018 4
 -0.355693 -0.540330 1
 0.636952 -0.513230 2
 -0.296182 0.828791 2
 -0.483871 -0.425947 1
 -0.422712 0.584948 2
 -0.904172 -0.472884 3
 0.834040 0.284890 1
 0.051424 0.904538 2
 -0.444624 0.527329 2
 0.861751 0.807733 3
 -0.202673 0.315165 2
 -0.194983 -0.356548 1
 0.979125 0.639882 3
 0.723991 -0.422163 1
 0.134556 -0.523240 2
 -0.001434 -0.631458 3
 0.965087 0.377361 3
 -0.837458 0.264809 2
 0.629994 -0.153172 2
 0.602832 0.659536 1
 0.213233 -0.305277 2
 0.777764 0.184729 3
 -0.196631 -0.454634 4
 0.392621 0.934263 3
 0.123875 -0.304178 4
 -0.030061 0.503769 4
 -0.347697 -0.490585 1
 0.251381 0.534532 1
 -0.835078 -0.468551 1
 -0.130650 -0.551439 1
 0.644520 0.515793 1
 -0.274209 -0.937559 3
 0.489242 -0.452010 2
 0.515427 -0.232093 2
 -0.040376 0.455000 2
 0.830683 -0.034028 4
 0.801508 0.685904 1
 0.286843 0.442854 1
 0.981750 -0.145604 4
 -0.896542 -0.625294 3
 0.475631 0.127903 1
 0.581042 0.648305 1
 0.041475 -0.348064 4
 -0.090976 -0.813654 3
 0.922056 -0.802301 4
 -0.256020 -0.036409 3
 0.408246 -0.780816 2
 -0.005707 0.402264 2
 -0.795465 -0.491623 1
 0.249794 0.833613 3
 -0.467818 0.635182 2
 0.293008 0.713553 1
 -0.092074 -0.639454 3
 -0.869625 -0.720450 3
 -0.463301 -0.790521 1
 -0.019745 0.336772 4
 0.254677 0.391339 1
 -0.344646 -0.139927 1
 0.960448 0.255959 3
 -0.222571 0.100375 4
 0.472518 0.472091 1
 0.261452 0.882138 4
 -0.250526 0.115940 4
 0.506638 -0.220008 2
 -0.588549 0.857479 2
 0.732353 -0.138218 4
 -0.500473 -0.568163 1
 0.895566 0.684988 3
 -0.588977 -0.416425 1
 -0.371746 -0.764702 1
 0.948302 0.670705 3
 0.631947 0.493820 2
 0.417524 -0.883541 2
 0.965941 0.320231 3
 0.717277 -0.102939 4
 0.668630 0.340556 1
 -0.649037 0.250587 2
 0.147801 -0.474105 2
 -0.695608 0.797235 2
 0.778008 0.150304 3
 0.722648 0.256996 1
 -0.857784 0.814814 3
 0.325968 0.952025 3
 0.356548 0.225501 1
 0.501755 -0.717826 2
 0.912839 0.413251 3
 -0.991211 0.360515 4
 0.479843 -0.918332 4
 -0.766717 0.996338 4
 -0.901852 -0.227638 3
 -0.067415 0.213538 4
 -0.792901 -0.466659 1
 0.404767 -0.508347 2
 0.941710 0.779290 3
 0.021821 -0.083102 4
 0.135899 -0.969787 4
 0.063326 0.431013 3
 -0.528733 -0.782403 1
 0.788446 0.364971 3
 0.206763 0.242897 1
 -0.316568 0.446089 2
 0.928831 0.478744 3
 -0.176611 -0.535875 1
 0.757927 -0.101352 4
 0.283486 0.786187 3
 -0.550035 -0.477340 1
 -0.460555 -0.093966 3
 -0.170080 -0.132176 3
 -0.206641 -0.783624 3
 0.994140 -0.911069 4
 -0.837092 -0.808710 3
 -0.279336 0.499496 2
 -0.328532 0.166112 2
 0.523606 0.157567 1
 -0.023835 -0.097262 3
 -0.210486 0.207251 3
 0.772088 -0.872555 4
 0.433576 0.659963 3
 -0.190527 0.228980 4
 0.512436 -0.694449 2
 0.462142 -0.696158 2
 0.231910 0.439802 4
 0.783563 0.737724 1
 0.786615 0.095309 4
 0.989074 0.508225 3
 -0.531297 0.464278 2
 0.301492 -0.600818 2
 0.484787 -0.800043 2
 -0.902707 0.311502 4
 -0.084140 0.284646 4
 -0.708914 0.859798 4
 0.260537 0.151402 4
 0.895993 -0.558763 4
 0.997009 -0.252663 4
 -0.302957 -0.034761 4
 0.602405 0.225806 1
 -0.024201 -0.570177 3
 0.466903 0.954955 2
 -0.777093 -0.465743 1
 0.139012 -0.470138 2
 0.776482 0.513169 1
 0.341533 0.477035 1
 -0.676321 0.381878 2
 -0.806574 0.336406 2
 -0.796442 -0.221229 3
 0.077303 -0.188818 4
 0.447615 -0.407086 2
 0.588061 0.670461 1
 0.496139 -0.435530 2
 -0.998718 0.093905 4
 0.528550 -0.954711 4
 -0.300821 0.145177 4
 0.343547 0.106967 3
 -0.009674 -0.938414 3
 0.728263 0.183874 1
 -0.238197 0.047884 4
 -0.747246 0.439741 2
 0.401105 0.261391 1
 0.428266 -0.956847 4
 0.424299 -0.324198 2
 0.165624 -0.457991 2
 0.249672 0.512070 4
 -0.527573 -0.478378 1
 -0.447127 0.922239 4
 -0.674062 -0.262917 1
 -0.358623 -0.384747 3
 -0.340983 0.904477 4
 0.286660 -0.887936 4
 0.396832 0.340495 1
 -0.549852 0.316080 3
 -0.517502 -0.362774 1
 -0.658071 0.088412 4
 -0.172399 -0.441145 1
 -0.751518 0.514206 2
 0.126438 -0.650563 4
 0.567431 -0.452132 2
 -0.528794 0.637928 2
 0.487167 -0.275246 2
 0.705130 -0.872127 4
 -0.251747 0.626820 2
 0.451399 0.261208 1
 0.924558 -0.210608 4
 0.755913 0.040071 3
 0.661184 -0.262734 2
 0.279824 -0.801569 2
 0.306864 -0.162999 2
 -0.018525 -0.092502 3
 0.379009 0.652882 1
 -0.776849 -0.795953 3
 -0.702628 -0.505234 1
 -0.758049 0.329447 4
 -0.174474 0.844600 4
 -0.079318 0.165502 4
 -0.343669 0.349162 3
 0.797357 -0.043855 4
 -0.420087 0.067049 4
 0.250832 -0.498459 2
 -0.329386 -0.343181 1
 -0.200842 0.012238 4
 0.931639 -0.805841 4
 -0.551073 -0.188879 1
 0.833430 0.305460 1
 -0.966918 0.070406 4
 0.184912 -0.694815 3
 -0.525864 0.771416 2
 -0.226234 -0.975219 3
 0.911130 0.074496 3
 0.213721 -0.979431 4
 -0.373272 -0.713553 1
 -0.563463 0.847652 2
 0.713553 0.613269 1
 -0.733879 0.088107 4
 0.415204 -0.114536 2
 -0.488083 -0.179418 1
 -0.918760 -0.556444 3
 -0.980590 -0.781487 3
 0.673330 -0.628590 2
 0.115207 -0.034822 4
 -0.241920 0.264077 2
 -0.115818 0.171850 4
 -0.072298 -0.280679 3
 0.716239 0.488693 1
 0.582568 -0.261635 2
 -0.440413 0.092929 4
 0.014801 -0.775140 4
 0.319437 -0.754936 2
 -0.269448 0.768731 2
 0.837764 0.097690 3
 -0.052156 -0.097385 3
 0.893368 0.446211 1
 -0.792718 0.019135 4
 0.658437 0.108798 4
 0.034455 -0.865352 4
 0.050203 0.622242 3
 -0.410504 -0.310709 1
 0.413923 -0.058138 2
 -0.756523 -0.431135 2
 0.975890 0.833064 4
 0.017548 -0.462569 4
 -0.496628 0.641285 2
 -0.177465 -0.732597 1
 -0.390790 -0.871090 1
 -0.562243 -0.845637 1
 0.137913 0.066012 3
 -0.835261 0.105380 4
 -0.927915 -0.738334 3
 -0.905393 0.486435 4
 -0.604907 0.725761 2
 0.926389 0.418806 3
 -0.651112 -0.354656 1
 0.272927 0.609119 1
 0.523545 -0.133335 2
 -0.606311 -0.096591 3
 0.216224 0.567309 1
 -0.710257 0.750542 2
 -0.502365 -0.192358 1
 -0.899716 0.763237 4
 -0.577502 -0.350871 3
 -0.263039 -0.435224 1
 0.822504 0.525803 3
 -0.305643 -0.891720 3
 0.118076 -0.442427 2
 -0.026643 0.655568 4
 0.588244 0.492660 1
 0.055696 0.604114 4
 -0.465804 -0.034333 3
 -0.133457 0.349284 2
 0.775079 -0.239784 2
 -0.337077 0.369121 2
 0.913388 -0.236854 4
 0.785516 -0.281167 2
 0.807550 -0.703360 2
 -0.789117 -0.876217 3
 0.688650 -0.482040 2
 0.842647 0.856868 3
 0.359661 0.572253 1
 0.477584 -0.411237 2
 0.913572 0.186987 1
 -0.614185 -0.600940 1
 -0.590747 -0.604541 1
 -0.558641 -0.866512 1
 0.941588 0.076754 3
 0.740898 -0.702017 2
 -0.457015 -0.001007 3
 0.648427 0.674368 1
 0.355876 0.054842 3
 -0.796564 -0.153722 3
 0.510666 -0.624683 2
 0.829585 -0.176672 2
 -0.850764 -0.989624 3
 -0.718558 0.949950 4
 0.030183 -0.136937 4
 -0.232276 0.286538 2
 -0.846614 -0.434736 1
 -0.812922 0.651967 2
 0.842097 -0.017487 4
 0.415021 -0.487655 2
 0.718925 0.034883 3
 -0.420942 0.905942 4
 -0.985595 -0.478072 3
 0.259804 0.590136 1
 0.644887 0.639271 4
 -0.445112 -0.400922 1
 -0.502792 0.873409 2
 -0.055818 0.398480 4
 -0.641469 -0.036164 1
 -0.107089 0.825983 2
 0.927366 0.618519 3
 -0.869137 0.003815 4
 -0.655080 -0.329447 1
 -0.455428 -0.588122 1
 -0.316935 -0.635426 1
 -0.379376 -0.691458 1
 0.826777 -0.541368 2
 -0.623280 -0.313761 1
 -0.811213 -0.169408 2
 -0.280740 -0.049959 3
 0.693960 0.275613 1
 -0.836543 0.506149 2
 0.469832 -0.817194 2
 -0.145054 0.448347 2
 0.683218 -0.221778 2
 -0.171178 0.529466 2
 -0.043062 -0.378765 3
 -0.554674 -0.394757 2
 0.807978 0.043428 3
 0.938414 -0.261147 4
 0.541124 -0.784967 2
 -0.985290 0.152501 4
 0.037996 -0.470809 4
 -0.558092 -0.785333 1
 -0.121860 0.988830 4
 -0.438581 0.649953 2
 0.229041 -0.714347 1
 -0.334452 -0.841365 1
 -0.056368 0.258278 4
 -0.825312 -0.365459 1
 -0.697623 -0.584155 1
 0.553514 -0.832698 2
 -0.162816 0.216590 4
 0.902097 0.018281 3
 -0.325175 -0.213233 1
 0.160863 0.755486 3
 -0.162450 -0.230262 3
 -0.133518 -0.263039 3
 -0.061861 0.990234 1
 -0.604663 0.129368 2
 0.707022 -0.376934 3
 -0.366436 0.648488 2
 -0.211158 -0.446272 1
 -0.990295 -0.789483 3
 0.246254 0.616810 1
 -0.171239 -0.318888 1
 0.207923 -0.598254 2
 -0.156102 0.908994 4
 -0.901120 0.312113 4
 -0.995544 0.232521 4
 0.890378 -0.433760 2
 0.317057 0.646718 1
 -0.193701 -0.173009 3
 0.757317 -0.182592 4
 0.925108 0.147801 3
 -0.830012 0.130955 4
 -0.887692 0.922483 4
 -0.904782 -0.033540 3
 0.724418 0.526597 1
 -0.542711 -0.621998 1
 -0.482223 -0.661977 1
 -0.945128 0.374859 4
 -0.796136 -0.176794 3
 -0.210730 0.986389 4
 0.085238 0.378094 3
 0.568468 -0.699759 2
 0.211829 -0.390240 2
 0.824458 0.660207 1
 0.493820 0.747673 1
 -0.418744 0.211646 2
 0.209265 0.870663 3
 -0.988464 -0.017304 3
 0.343730 0.638295 1
 0.418683 0.687613 1
 -0.800775 -0.786554 4
 -0.418012 -0.560045 1
 -0.289102 0.063997 4
 -0.596667 -0.435286 4
 0.907041 0.330241 3
 0.791559 -0.306070 2
 0.952086 -0.552721 4
 -0.277505 0.336222 2
 0.209143 -0.292032 2
 -0.587024 -0.894101 3
 -0.241127 0.455123 2
 -0.455061 0.800104 2
 -0.186377 0.589892 2
 -0.521897 -0.489731 1
 -0.536973 -0.915403 3
 -0.611499 0.957762 4
 0.189550 0.186254 3
 0.269997 0.237709 1
 0.590808 0.999329 3
 0.736991 -0.837580 1
 0.746513 0.135166 3
 -0.434980 0.388592 2
 -0.332377 -0.885189 3
 -0.092563 0.517685 4
 0.264565 -0.786187 2
 0.125156 -0.643483 4
 -0.727042 -0.564928 1
 -0.832636 -0.474471 1
 0.573717 0.299234 1
 -0.559740 -0.398175 2
 -0.655080 -0.862178 1
 -0.898068 0.985412 4
 -0.516221 -0.420942 1
 0.720145 -0.325053 2
 -0.264992 0.911069 4
 0.231056 -0.857967 4
 0.964110 0.012909 3
 -0.863460 -0.510300 1
 0.012604 -0.461470 4
 -0.123264 -0.915708 3
 0.572924 -0.957152 4
 -0.684011 -0.152989 1
 0.519883 0.736015 4
 0.280068 0.393475 1
 0.137364 0.554735 1
 0.081149 0.208106 3
 0.676382 0.237037 1
 -0.031404 -0.958434 3
 -0.316874 -0.911252 3
 0.443525 0.718131 1
 0.533738 -0.871151 2
 0.373394 -0.459822 2
 0.614002 0.300882 1
 0.845637 0.479354 1
 -0.419660 -0.561449 1
 -0.303690 -0.661550 1
 0.141575 -0.326945 2
 -0.347087 0.074984 4
 0.796075 -0.031281 3
 0.027131 -0.528367 4
 0.965148 -0.524949 4
 0.896298 0.342265 3
 -0.043123 0.383587 4
 -0.289346 -0.540147 1
 0.201025 -0.025300 4
 -0.736076 -0.604114 1
 0.189611 -0.455245 2
 0.964293 0.456099 3
 -0.437239 0.898923 4
 0.343913 -0.098117 4
 -0.223426 0.097568 4
 0.744621 0.644826 1
 0.790277 -0.854976 4
 0.115940 0.600513 1
 -0.789605 -0.693533 1
 0.865047 0.890561 3
 0.329814 0.741508 1
 -0.306192 0.079867 4
 -0.501572 0.141392 2
 -0.637135 0.636158 2
 -0.736381 -0.941527 3
 -0.682363 0.799738 2
 -0.282266 0.613453 2
 -0.883541 0.051241 4
 0.489792 -0.730522 4
 -0.404157 -0.635792 1
 -0.180395 -0.639149 2
 -0.287576 0.430647 2
 -0.848567 -0.938231 3
 -0.002472 -0.953978 3
 0.684256 -0.514756 2
 0.562853 0.843013 1
 0.316996 -0.402509 2
 0.594409 0.559313 4
 -0.574450 0.637074 2
 -0.727775 -0.971068 3
 -0.090426 0.724601 4
 -0.946654 -0.916746 3
 -0.054231 -0.648183 3
 -0.744743 0.549791 2
 0.886654 0.437544 1
 0.878353 -0.464156 2
 0.740165 -0.363872 2
 0.603320 0.185705 1
 0.669851 0.588855 1
 0.902646 0.096713 3
 -0.048494 -0.196692 4
 0.202124 -0.415693 3
 -0.175451 0.849422 4
 0.031098 -0.018891 4
 -0.324686 -0.440535 1
 -0.901425 -0.840754 3
 -0.010224 0.919614 4
 -0.767754 -0.537034 1
 -0.486129 -0.660329 1
 -0.881527 0.238380 4
 -0.942442 0.990478 4
 0.780694 0.148656 3
 -0.618580 -0.106418 3
 0.733207 -0.537828 2
 -0.397198 0.454268 2
 0.748833 -0.499863 2
 -0.441389 0.121433 2
 0.176855 -0.567553 2
 0.563036 0.865780 1
 0.749565 -0.391461 3
 -0.002838 -0.839900 3
 -0.185949 -0.389386 1
 0.167943 -0.847102 4
 0.928220 0.217627 2
 0.874691 0.719047 3
 -0.243568 -0.533921 1
 0.119236 -0.921995 3
 0.204688 -0.002899 4
 0.399274 -0.334086 2
 0.730399 -0.125156 4
 -0.979858 0.948485 4
 -0.234046 0.066256 4
 -0.135655 0.863094 4
 0.193701 0.767754 3
 -0.944761 -0.422346 3
 -0.192236 -0.232765 3
 -0.046907 0.252968 4
 -0.296793 -0.971007 3
 -0.079867 0.496323 4
 -0.472762 0.688467 2
 0.293252 0.194433 1
 -0.468123 0.644704 3
 0.000885 0.412763 3
 0.364849 0.938169 3
 0.261940 -0.951659 4
 0.535813 -0.898984 4
 0.804254 -0.075472 3
 0.496628 -0.332255 2
 -0.959838 -0.986023 3
 -0.728446 0.033052 1
 0.636769 0.478927 1
 0.576464 -0.154576 2
 0.917661 0.214454 3
 0.363323 0.122898 3
 -0.465194 -0.416059 1
 0.728263 -0.720756 2
 -0.152684 -0.967040 3
 0.120151 0.248085 3
 -0.555773 0.269509 2
 0.787896 -0.108860 4
 -0.749870 0.698660 2
 -0.597034 0.880367 2
 -0.350139 0.798029 2
 -0.204260 -0.760430 2
 -0.930052 0.122593 4
 -0.257912 -0.266213 2
 -0.544542 0.625599 2
 0.738701 0.293741 4
 0.077853 0.983581 3
 0.704031 -0.336772 2
 0.113193 0.612781 3
 0.542344 -0.543504 2
 -0.573046 -0.935789 3
 0.508957 0.813044 1
 0.003388 -0.514267 4
 -0.686819 0.838069 2
 -0.542772 -0.163060 1
 -0.102268 -0.984863 3
 -0.935667 0.546983 4
 0.830866 0.779351 3
 -0.249855 0.299661 2
 -0.750725 0.437788 2
 0.471847 0.636341 1
 0.290078 0.625416 1
 0.433210 -0.938231 4
 0.947508 0.483627 3
 -0.431257 -0.658071 1
 -0.706656 -0.251198 1
 0.734855 0.680410 1
 0.998657 0.938658 3
 0.045198 0.461287 3
 0.092685 0.823359 3
 0.788934 0.246071 1
 -0.101474 -0.629872 3
 -0.632496 -0.288186 3
 -0.918210 -0.652944 3
 0.689566 0.218543 1
 0.749687 0.775384 1
 -0.541246 0.692312 2
 -0.461287 -0.583972 1
 0.795770 -0.486984 1
 0.628407 -0.520005 2
 0.627674 -0.906735 4
 -0.382550 -0.252358 4
 -0.713981 0.835994 2
 -0.798029 -0.713553 1
 0.748711 -0.841426 4
 -0.409406 -0.046052 3
 0.963439 0.271096 3
 0.596301 -0.127476 2
 -0.308267 0.395734 2
 0.341227 -0.934629 3
 -0.690481 -0.884945 1
 0.512375 -0.560533 2
 -0.998291 0.537156 4
 -0.894833 0.303934 4
 -0.210120 -0.036225 3
 0.593860 -0.389142 2
 0.828425 0.751091 3
 0.463485 0.106723 1
 0.408307 -0.951903 4
 0.044343 0.580737 3
 0.105686 -0.897519 1
 0.583972 -0.600757 2
 -0.488510 0.819819 2
 0.494430 0.512131 1
 -0.018220 0.264077 4
 0.714042 -0.880734 4
 0.844050 0.787652 3
 0.118809 -0.814508 4
 0.498764 -0.522996 2
 -0.077303 -0.010285 3
 -0.147252 0.603076 2
 -0.996460 -0.102756 3
 0.522080 0.762078 1
 -0.907529 0.542344 3
 -0.758354 -0.603687 3
 -0.236549 -0.392010 1
 0.920286 -0.619495 4
 0.161962 -0.608753 2
 -0.223487 -0.637562 1
 -0.591174 -0.658864 1
 0.994995 0.545030 1
 0.617725 -0.243629 2
 0.339457 -0.402997 2
 0.463118 0.831294 1
 0.160192 0.380596 1
 -0.763298 0.236549 2
 -0.766167 0.182226 4
 -0.670278 -0.577441 1
 0.872250 -0.864498 4
 -0.921751 -0.166662 3
 0.738884 0.522752 1
 -0.090426 -0.782647 3
 0.809320 0.642445 1
 -0.273476 -0.775628 1
 0.914182 -0.068331 4
 0.467940 0.474349 1
 0.301187 0.028962 3
 0.782281 0.286660 2
 0.654653 0.466597 1
 -0.248207 -0.742851 1
 -0.990967 -0.321024 3
 0.605457 -0.129856 2
 -0.004913 0.015290 4
 0.357036 -0.667104 3
 -0.144993 -0.556749 1
 0.307169 -0.178930 2
 -0.335124 -0.368084 1
 -0.654408 0.320475 2
 0.201819 -0.899289 4
 0.992065 -0.744499 4
 -0.107334 -0.877255 3
 0.112705 0.088961 3
 0.282693 -0.930967 4
 0.250160 -0.917295 4
 0.460982 0.882260 4
 -0.496078 -0.593982 1
 0.880795 -0.634144 4
 -0.100558 0.778680 4
 0.011078 -0.021210 3
 0.182592 0.836787 3
 0.258950 0.819636 3
 0.977844 -0.590747 4
 0.597522 0.491073 1
 0.246742 -0.108493 4
 0.339640 0.530320 1
 -0.014740 0.904111 4
 -0.507126 0.093356 4
 0.096469 0.424726 3
 0.134312 -0.419233 2
 0.376324 -0.420392 2
 0.242409 0.892209 3
 0.551012 0.283303 1
 0.423261 0.997497 3
 -0.698233 -0.087191 3
 0.968871 0.511643 4
 0.216041 -0.794977 4
 -0.314920 -0.038789 3
 -0.398602 0.564318 2
 -0.073153 -0.570421 3
 0.100803 0.966979 3
 -0.723136 0.268532 2
 -0.954344 0.652089 4
 0.308023 0.563768 1
 -0.514817 -0.216102 1
 -0.136570 -0.957884 3
 0.828303 0.274941 1
 0.295267 -0.892697 3
 -0.962889 0.956847 4
 -0.903073 -0.307718 3
 -0.691824 -0.714286 1
 0.367779 0.615223 1
 -0.820368 -0.228675 3
 0.547105 -0.872555 2
 -0.998291 0.314920 4
 -0.144566 -0.660329 1
 -0.291971 0.646107 2
 -0.119663 -0.784722 3
 0.825068 0.043916 3
 0.743828 0.816645 1
 0.657277 0.531236 2
 0.289834 0.493698 1
 -0.413984 0.728751 2
 0.728446 0.701102 1
 0.418806 0.556932 1
 -0.825129 0.131626 4
 0.726676 -0.026826 4
 -0.480026 -0.146397 1
 -0.892026 -0.068453 3
 0.070956 0.140049 3
 0.315043 0.752495 1
 0.398541 -0.324015 2
 -0.818659 0.090365 4
 -0.170873 -0.166967 3
 0.287759 -0.313517 2
 -0.981506 -0.302835 3
 -0.696341 -0.906064 3
 -0.954222 0.538438 4
 0.942076 -0.436506 4
 -0.536668 -0.590808 1
 -0.534959 0.276467 2
 -0.257546 0.559008 2
 0.677847 0.113315 3
 -0.450056 0.353252 2
 -0.651723 -0.855770 1
 0.295267 0.383282 4
 0.990051 -0.969298 4
 -0.616260 0.455550 2
 -0.054048 0.524094 4
 -0.385052 0.146641 2
 0.710685 -0.750725 2
 -0.837031 0.613086 2
 0.427778 -0.038118 4
 0.576220 -0.658132 2
 -0.498703 0.464400 2
 0.233863 -0.470016 2
 0.257424 -0.629078 2
 0.697623 0.780694 1
 0.594836 0.906796 2
 -0.605274 0.803095 2
 0.560167 0.930418 1
 0.071139 0.804010 3
 0.787896 -0.633961 2
 0.451155 0.257851 1
 0.739738 -0.766289 2
 0.542039 -0.256508 2
 -0.316874 -0.535813 1
 -0.979553 -0.465377 3
 0.345500 -0.312845 2
 0.138401 0.632130 1
 0.181249 0.178869 3
 0.586352 -0.075594 4
 0.190039 -0.841975 4
 0.750847 0.165197 3
 0.223182 0.616749 1
 -0.196203 0.454573 2
 0.715873 0.873531 3
 -0.937925 -0.088595 3
 -0.217627 -0.962767 2
 -0.946593 0.225135 4
 -0.387188 -0.431562 1
 0.727103 -0.226478 2
 -0.893063 0.125706 4
 0.246620 0.994568 3
 0.685293 0.884640 3
 -0.197851 -0.300394 1
 0.211890 0.517075 4
 -0.120273 0.015717 4
 -0.030671 -0.981689 3
 -0.575060 -0.356182 1
 -0.378887 0.568957 2
 -0.660878 -0.878353 3
 -0.900082 0.619556 4
 -0.255776 -0.222755 1
 0.359844 0.385601 1
 0.455733 0.061922 3
 -0.071932 0.939940 4
 -0.900754 0.949156 4
 -0.803400 0.090732 4
 0.309793 0.087985 4
 0.388043 0.231422 1
 0.449873 -0.602588 3
 -0.864315 0.351482 2
 -0.714652 -0.210303 1
 -0.385540 0.394574 2
 -0.944395 -0.289834 3
 -0.840876 -0.848445 3
 0.375286 -0.819147 2
 0.309671 -0.122959 4
 -0.593860 0.035920 4
 -0.781243 0.814875 4
 -0.264321 0.035310 4
 0.360881 0.822260 1
 -0.599658 -0.454817 1
 0.478866 -0.721366 2
 0.490707 0.472762 1
 -0.292886 0.467391 2
 -0.223792 0.141148 4
 0.807733 -0.382794 2
 -0.212867 -0.205176 3
 0.456893 0.792108 1
 0.790643 0.420392 1
 -0.479598 -0.184729 1
 -0.900754 -0.428877 3
 0.254677 0.417035 1
 0.148900 -0.115879 2
 -0.629383 0.791437 2
 -0.216590 0.974914 4
 0.898923 0.752007 3
 0.184423 -0.600818 1
 -0.206946 0.671438 2
 -0.117405 0.368938 4
 0.208594 0.394696 1
 0.288675 -0.091342 4
 -0.604663 -0.688223 1
 0.181494 -0.858150 4
 -0.859432 -0.221168 3
 0.590503 -0.606983 2
 -0.299478 -0.926756 4
 -0.489425 -0.206091 1
 0.157140 0.072909 3
 0.886044 0.081149 3
 0.139073 -0.155919 4
 -0.698477 0.272683 2
 0.842586 0.328349 1
 0.818293 -0.089084 4
 0.291116 0.313517 1
 -0.608692 0.559313 1
 0.770745 0.878170 3
 -0.692984 0.240638 1
 -0.621448 -0.504624 1
 -0.922849 -0.495834 3
 -0.377728 0.985229 4
 -0.771905 -0.190588 3
 -0.992492 0.501267 4
 -0.578722 -0.086764 3
 0.551744 0.740776 1
 -0.656423 0.948790 4
 -0.839778 0.564196 2
 0.805292 -0.116550 4
 0.804559 -0.787164 4
 -0.518906 0.042879 4
 -0.562731 -0.688162 1
 -0.264931 0.389080 2
 -0.415510 0.844966 2
 0.963561 0.239967 3
 -0.450056 -0.709647 1
 0.895810 -0.882443 4
 -0.829096 0.103977 4
 0.289041 0.413129 1
 -0.937864 0.737358 4
 0.455794 0.555467 2
 -0.714469 0.379009 2
 0.060274 0.371258 3
 0.382977 0.605396 1
 0.622120 0.324137 1
 0.710196 -0.870296 4
 -0.835505 0.319864 2
 -0.991455 -0.164159 3
 -0.555345 -0.233985 1
 0.153356 -0.715140 4
 0.203101 0.572314 1
 -0.985656 0.881954 4
 -0.129002 0.780450 4
 0.368023 0.890561 4
 0.171117 -0.489731 2
 -0.202612 -0.517808 1
 0.051180 0.909604 3
 -0.481674 -0.991333 3
 0.387066 -0.204627 2
 0.068453 0.684194 3
 0.892331 0.674368 3
 -0.202795 -0.134434 3
 -0.327189 0.829402 2
 -0.905820 -0.882565 3
 0.863277 -0.839778 4
 -0.706900 -0.749809 1
 0.783074 -0.534471 2
 -0.810663 -0.482406 1
 0.049348 -0.146397 4
 -0.892392 -0.837153 3
 0.084811 0.969665 3
 -0.541124 -0.500900 4
 -0.543016 0.727165 2
 -0.277749 0.713309 2
 0.487594 0.230445 1
 0.790460 0.579272 1
 -0.431501 0.576220 2
 0.616077 -0.730583 3
 -0.377300 -0.778741 1
 0.096103 -0.548875 4
 0.146702 -0.395428 2
 -0.867672 -0.144383 3
 -0.726920 0.710379 2
 -0.195166 -0.492599 1
 -0.710379 0.260353 2
 0.596362 0.801202 1
 0.053072 0.222205 3
 0.604785 0.613758 1
 -0.264870 0.322001 2
 -0.318033 -0.361187 1
 -0.662160 0.248207 2
 -0.564867 -0.868099 1
 0.415815 0.234291 1
 -0.970641 -0.747063 3
 0.443281 0.707938 1
 0.728629 0.193762 1
 -0.736747 0.694143 2
 -0.888180 0.278420 4
 -0.944334 -0.340312 3
 0.903439 0.223975 3
 -0.736747 0.486557 2
 -0.646840 -0.251503 1
 0.911435 0.261696 3
 0.105625 -0.285806 4
 -0.239784 0.570727 2
 0.494675 -0.006195 4
 0.726493 -0.016999 4
 -0.798761 0.246132 2
 -0.988220 0.415754 4
 0.212561 -0.209632 4
 0.376324 0.064302 3
 0.018525 -0.235267 4
 -0.006378 0.586718 4
 -0.014924 -0.241737 3
 0.325602 -0.770928 2
 0.839961 0.102329 3
 -0.545824 -0.419416 1
 -0.790399 0.010102 4
 0.307718 -0.355754 2
 -0.855464 0.751274 4
 0.219275 0.912229 3
 0.569933 0.049165 3
 -0.745537 -0.868526 4
 -0.399884 0.887997 4
 0.746696 0.450056 1
 0.653371 0.918149 3
 0.475997 -0.372234 2
 -0.694693 -0.353923 1
 -0.068880 0.002411 4
 -0.182043 -0.402509 1
 0.090182 -0.103488 4
 0.281961 0.640004 1
 -0.841304 -0.846797 3
 -0.690237 -0.346171 1
 0.702445 0.488632 1
 -0.782891 0.738090 2
 -0.388348 -0.652150 1
 -0.369976 0.138401 4
 0.335551 0.953063 3
 0.455367 -0.913572 4
 0.823115 0.229408 1
 0.152074 0.735466 3
 0.609058 -0.701773 4
 0.240761 0.382244 1
 0.481491 0.224097 1
 -0.011078 -0.839228 3
 0.169225 -0.297403 2
 0.209449 0.397015 1
 -0.514267 -0.622120 1
 0.110263 0.810175 3
 -0.631458 0.475814 2
 0.131504 -0.249733 4
 0.249550 0.441816 1
 0.709586 0.657582 2
 0.195654 0.269448 1
 -0.096774 -0.067293 4
 0.256142 0.208289 1
 -0.178564 -0.596057 1
 -0.545396 0.538133 2
 0.789239 -0.419965 2
 0.863033 -0.903134 4
 -0.811213 -0.124546 3
 -0.804987 0.250343 2
 -0.085116 0.996033 4
 -0.643300 0.990356 4
 -0.620106 -0.328104 1
 0.391522 0.849605 1
 0.008271 0.926084 3
 0.257363 -0.679617 2
 0.155736 0.065157 3
 -0.126621 -0.535142 4
 0.392438 -0.419294 2
 -0.126560 -0.596118 1
 0.086886 -0.852229 4
 0.504440 0.372295 1
 -0.772454 -0.090976 3
 0.106418 -0.971496 4
 -0.578845 -0.768792 1
 0.612476 0.705252 1
 -0.996765 -0.877987 3
 -0.494552 -0.711051 1
 0.200476 0.494430 1
 0.669240 0.415998 1
 -0.719474 0.466170 2
 -0.427839 -0.327372 1
 -0.371868 0.882138 4
 -0.780145 0.486251 2
 0.684317 -0.753349 2
 0.315226 -0.604297 2
 0.686087 0.253517 1
 0.062654 -0.611866 4
 0.145177 -0.898984 4
 -0.945067 0.989257 4
 0.001801 0.780328 3
 0.678884 -0.204688 2
 -0.608020 0.522629 2
 0.478378 0.134556 1
 0.965941 -0.404401 4
 -0.087802 -0.456221 3
 0.693960 -0.366253 2
 -0.056551 -0.250038 3
 0.099094 -0.308023 4
 0.898679 0.842769 3
 -0.147557 -0.790643 3
 0.034028 0.325968 3
 0.669362 -0.929807 2
 -0.753960 -0.264382 4
 0.443831 -0.049409 4
 0.364483 0.511704 1
 -0.440840 0.137486 2
 0.464034 -0.188818 3
 -0.688894 0.007843 4
 0.634388 -0.049471 1
 -0.617298 -0.644215 1
 0.643361 0.164098 1
 -0.693533 0.754509 2
 0.933226 0.366375 3
 -0.146886 -0.859249 3
 0.385784 -0.393902 2
 -0.716849 0.810236 2
 -0.705008 0.899167 2
 0.399518 0.009613 3
 -0.016205 -0.872921 3
 -0.662038 0.314615 3
 0.503098 -0.308878 2
 0.034211 0.979980 3
 -0.149693 0.605762 2
 -0.696890 -0.549791 1
 0.144810 -0.277322 3
 0.470016 0.217933 2
 0.198096 -0.229530 4
 0.488876 -0.783441 4
 -0.084078 0.898312 1
 0.487472 -0.063082 4
 -0.030122 -0.589282 3
 0.675222 0.452986 1
 0.175817 0.382366 1
 -0.448225 -0.454207 1
 -0.982421 0.837580 4
 0.354411 -0.887570 4
 -0.248268 -0.814753 3
 0.680288 -0.952513 4
 -0.467574 -0.405438 1
 0.222999 -0.215125 2
 0.993591 0.999390 3
 0.559313 0.687307 1
 0.724479 -0.580798 2
 -0.075838 -0.529344 3
 0.078707 -0.715323 4
 0.911802 0.851436 3
 0.751946 0.453352 1
 0.039766 -0.396100 4
 0.566637 0.605213 1
 -0.885922 0.215369 4
 -0.098422 -0.295755 3
 -0.667531 0.326090 2
 0.203528 0.214331 3
 0.063326 0.142369 3
 -0.982177 -0.244240 1
 -0.761834 -0.990661 3
 0.977050 -0.108615 4
 -0.705374 -0.668203 1
 -0.817194 -0.271096 1
 -0.392010 -0.970031 3
 0.421003 0.027070 3
 -0.651784 0.717887 2
 0.645680 0.493210 1
 -0.299417 0.791925 3
 0.170019 -0.040254 4
 -0.613392 0.617481 2
 -0.997497 0.127171 4
 